0
0
0
0
0
0
0
0
0
0
0
0
0
0
0
0
0
0
0
0
0
0
0
0
0
0
0
0
0
0
0
0
0
0
0
0
0
0
0
0
0
0
0
0
0
0
0
0
0
0
0
0
0
0
0
0
0
0
0
0
0
0
0
0
0
0
0
0
0
0
0
0
0
0
0
0
0
0
0
0
0
0
0
0
0
0
0
0
0
0
0
0
0
0
0
0
0
0
0
0
0
0
0
0
0
0
0
0
0
0
0
0
0
0
0
0
0
0
0
0
0
0
0
0
0
0
0
142.1907256759071
141.53326784056074
140.51691997901696
0
0
0
0
0
0
0
0
0
0
0
0
0
0
0
0
0
0
0
0
0
0
0
0
0
0
0
0
0
0
0
0
0
0
0
0
0
0
0
0
0
0
0
0
0
0
0
0
0
0
0
0
0
0
0
0
0
0
0
0
0
0
0
0
0
0
0
0
0
0
0
0
0
0
0
0
0
0
0
0
0
0
0
0
0
0
0
0
0
0
0
0
0
0
0
0
0
0
0
0
0
0
0
0
0
0
0
0
0
0
0
0
0
0
0
0
0
0
0
0
0
0
0
0
0
0
0
0
0
0
0
0
0
0
0
0
0
0
0
0
0
0
0
0
0
0
0
0
0
0
0
0
0
0
0
0
0
0
0
0
0
0
0
0
0
0
0
0
0
0
0
0
0
0
0
0
0
0
0
0
0
0
0
0
0
0
0
0
0
0
0
0
0
0
0
0
0
0
0
0
0
0
0
0
0
0
0
0
0
0
0
0
0
0
0
0
0
0
0
0
0
0
0
0
0
0
0
0
0
0
0
0
0
0
0
0
0
0
0
0
0
0
0
0
0
0
0
0
0
0
0
0
0
0
0
0
0
0
0
0
0
0
0
0
0
0
0
0
0
0
0
0
0
0
0
0
0
0
0
0
0
0
0
0
0
0
0
0
0
0
0
0
0
0
0
0
0
0
0
0
0
0
0
0
0
0
0
0
0
0
0
0
0
0
0
0
0
0
0
0
0
0
0
0
0
0
0
0
0
0
0
0
0
0
0
0
0
0
0
0
0
0
0
0
0
0
370.15725231540813
376.63952280004906
378.21750533512926
379.18390063366957
379.74404346185236
0
0
0
384.8474468254514
384.72637702585274
385.53933576236795
0
0
0
0
0
0
0
0
0
0
0
0
0
0
0
0
0
381.5940503578204
386.1095377759745
384.2197847110069
385.1302584672496
386.8393099679644
381.8287011953963
366.1604433930315
0
0
0
0
0
0
0
0
0
368.64203483790754
0
0
0
0
0
0
0
0
0
0
0
0
0
0
0
0
0
0
0
0
0
0
0
0
0
0
0
0
0
0
0
0
0
0
0
0
0
0
0
0
0
0
0
0
0
0
0
0
0
0
0
0
0
0
0
0
0
0
0
0
0
0
0
0
0
0
0
0
0
0
0
0
0
0
0
0
0
0
0
0
0
0
0
0
0
0
0
0
0
0
0
0
0
0
0
0
0
0
0
0
371.4417348792017
370.3962107483648
0
0
0
0
0
0
0
0
0
0
0
0
0
0
0
0
0
0
0
0
0
0
0
0
0
0
0
0
0
0
0
0
0
0
0
0
0
0
0
0
0
0
0
0
0
0
0
0
0
0
0
0
0
0
0
0
0
0
0
0
0
0
0
0
0
0
0
0
0
0
352.04807274254165
0
0
389.52955590035936
387.467381064246
384.1397828179962
385.81168096500437
384.50714466935244
383.4200154276101
381.975234245731
384.9108795440242
385.8334634854324
388.70109327830306
386.2179597159809
0
0
0
0
0
0
0
0
0
0
0
0
0
0
372.6325121618721
379.5617703476166
377.79174963748625
0
0
375.66386822719653
0
0
0
0
0
0
0
0
0
0
0
0
0
0
0
363.7164070853913
344.71015488148873
0
0
0
0
0
0
0
0
0
0
0
0
203.67118842022296
203.38469566434753
0
0
0
0
0
0
0
0
0
0
0
0
0
0
0
0
0
0
0
0
0
0
0
0
0
0
0
0
0
0
0
0
0
0
389.8512765693546
384.09173963635936
0
0
0
0
0
0
373.2528351841134
377.0287744969085
0
0
411.54624153095057
0
0
0
0
0
0
411.4711820652304
0
396.1352856152184
389.5184755706254
0
0
377.2448078622101
0
0
0
355.65691344899506
355.9363591767951
353.66115377292556
354.6565131078546
353.4463458505594
354.3071305124613
0
0
0
0
0
0
0
0
0
0
0
0
0
0
0
0
0
0
0
0
0
0
0
386.5798379452213
0
0
0
0
0
0
0
0
0
0
0
317.92742450860953
314.2318319011354
309.7294671430825
0
0
0
0
0
0
0
0
0
0
0
0
0
0
0
0
0
0
0
0
0
0
0
0
0
0
0
0
0
0
0
0
0
0
0
0
0
0
0
0
0
280.4140313686731
0
349.06642006708205
351.62833429861064
0
0
384.554738788855
394.6405348318828
392.5153327600404
0
0
0
0
0
0
0
0
0
0
0
0
0
0
0
0
0
0
0
0
0
0
0
374.81833790458444
380.746333785277
386.2885803170336
382.9464080495187
380.2285515977745
374.0542200269788
0
0
0
0
0
0
0
0
0
0
0
348.86728090610313
0
0
0
0
0
316.5237871380215
313.3908901692787
0
0
0
0
0
294.1475689323776
282.5123842474161
0
0
0
0
0
0
0
0
0
0
0
0
0
0
0
0
0
0
0
0
0
0
0
0
0
0
0
0
0
0
0
0
0
0
0
0
0
0
0
0
0
0
0
0
0
0
0
353.91943375865714
0
366.65540571825784
386.14542349316076
393.9925375772489
392.36731231897016
390.8297451098545
389.1801275758245
390.2556230329892
386.950205467999
0
401.46498695162023
396.39738391950186
393.67586222263327
393.95874559900903
393.7145884775165
393.6933013891248
0
0
0
391.1255308237398
396.0286373251522
0
0
0
0
0
0
0
394.75435246123374
390.3705494716018
0
381.01173561789466
0
0
0
0
0
0
372.21837783824617
0
343.6630771370209
0
0
0
0
0
0
0
0
0
0
0
0
348.3932297387269
0
0
0
0
0
0
0
0
0
0
380.8726019652572
389.03725078664337
390.1869884268839
386.8057955383796
388.05855103810336
0
0
0
388.10085409929684
0
0
376.0806110871139
0
0
395.72991704561275
418.51833743575605
423.7664014448856
425.97015025204166
442.87949082839214
458.0931029677255
464.39745506196823
455.90261172815224
0
467.69551797813074
461.6362006131425
0
0
0
0
275.2387421477625
285.56184384609634
298.11688389267897
310.84954780363825
309.68884730999815
309.4393271350948
309.2152531644641
311.5467833501036
312.4217146321933
312.53278909752004
313.301211989796
310.49207626120136
308.03102270666915
308.9555145270057
311.08007485437633
315.7462262250819
317.16080886092743
316.4558880622984
312.6946199807415
312.62177213927
314.7010821892912
0
0
356.68027233274836
0
349.0219297352145
0
339.0342480725145
0
0
0
0
307.50106534141463
0
0
0
0
0
0
0
0
0
0
0
0
0
0
0
0
0
0
0
0
0
0
0
0
0
0
0
0
0
0
0
0
0
0
0
0
0
0
0
0
0
0
0
0
0
0
264.72994418840193
278.499573843341
294.44203969362934
0
347.08970465048594
343.7895138825633
354.96106991443196
377.35524722089656
389.5293021488236
389.6704981245332
389.35535208748706
388.1038036878775
0
0
388.87534213242884
0
394.35142458173186
395.0342365056349
0
0
0
0
0
397.75512973689445
398.0864102131136
0
0
0
0
0
0
0
0
0
378.04294249695056
384.46130958634103
0
393.43170955652846
390.89535218889245
369.24930042734
345.8444472511429
342.9638884456876
351.02794255513663
354.06886434071146
352.7690749001891
353.07569094490054
352.01054024525854
351.11126471879396
349.57546830371314
0
347.8466993830275
351.21260440633085
349.8019755049992
344.1385383857565
0
347.6662230538236
0
347.1826462405904
347.50576088118737
346.8497395150217
0
346.99626050439554
342.877511302066
342.78959278307985
0
0
0
0
0
0
0
0
0
0
0
0
0
0
0
0
61.307500163135614
61.43784343697461
0
0
0
0
0
0
0
61.474469947888544
0
0
0
0
0
0
0
0
0
61.39457266523021
0
0
0
0
0
0
0
0
61.37565659713846
0
0
0
0
0
0
0
0
0
0
0
0
0
0
0
0
0
0
0
0
0
0
0
0
0
0
0
0
0
0
0
0
0
0
0
0
0
0
0
230.26170050866443
0
0
0
0
282.42031924705304
296.32520368539065
0
356.179749143308
355.95274489044647
352.0024380317224
367.3414686364232
390.30265741825656
390.6800697997775
385.0555017612867
387.4090791444128
386.49464482328585
388.7920069921904
0
0
0
0
0
0
0
0
0
0
0
0
0
0
0
0
0
0
0
377.5458065143908
385.7817738923813
0
385.78311421575995
0
374.056169396099
0
0
0
348.8906897755694
343.88709751784455
0
0
0
0
61.12172289383798
0
0
0
0
0
0
0
0
0
0
0
0
0
282.63381362028036
271.3010856041492
0
0
0
0
0
0
0
0
0
0
0
0
0
0
0
0
0
0
0
0
0
0
0
0
0
0
0
0
0
0
0
0
0
0
0
0
0
0
0
0
0
0
0
0
0
0
0
346.7572635253097
0
0
389.81259173314294
395.67922145042195
386.9414670932206
385.37511716489587
383.5299307160475
0
0
395.3041041623892
388.70058685476897
0
0
0
0
0
0
0
0
0
0
0
0
0
0
0
0
343.8898604263309
0
382.3597048412422
389.0617498798341
386.94970132562855
385.0019099681434
383.51827154036323
378.7048352948148
0
0
370.43723190570427
350.2217392235051
0
0
0
0
0
0
0
304.9329844649002
313.41253108493936
312.85082818852135
0
0
0
0
0
0
0
0
0
0
0
288.84654994164754
0
0
0
0
0
307.49305281706006
0
0
0
0
351.4062910481425
346.7681816375943
0
0
0
351.545347444004
0
0
0
0
0
0
0
0
0
61.38692422677914
61.59233582178909
0
0
0
0
0
0
0
0
0
0
0
0
0
0
0
0
0
0
0
0
350.0432990328063
351.0620161094877
374.4225061212161
392.0262343568837
398.922488989014
392.7068962779181
0
387.6000863898009
0
388.68463485117445
387.62289574899614
387.64856840446356
0
0
0
0
0
0
0
0
0
0
0
0
0
0
352.47305750787916
348.9710797598431
0
373.106893598682
389.69766031842903
388.89687539125373
383.7410230742526
384.63140275530657
0
0
0
0
0
0
0
0
0
0
0
0
0
0
380.963670032055
0
0
0
344.2796528320992
344.59116134219755
344.0187710470078
0
0
0
0
350.2008265297578
0
0
0
0
0
0
0
0
0
0
0
0
0
0
317.0801729775805
0
305.564527058003
0
0
0
0
0
0
0
0
0
0
0
0
0
0
0
0
0
0
0
0
0
369.4492436396913
399.62840126995724
397.5950319781863
394.85559887816805
391.2859123462265
388.200562620539
0
0
389.59968224246734
375.42550592403364
360.91301823872993
394.94332103916736
415.18471692755963
416.21556153023425
409.45205465913523
406.2402221284274
405.34030622438394
406.6521184842088
405.2282759701151
390.9868640206488
0
376.1434972544133
353.2358103321483
0
0
397.8227631994511
390.70704784765985
0
0
0
378.487472711587
363.9689896873514
351.0219971731431
343.4151156025324
0
0
346.1666923010383
0
0
0
0
0
0
0
0
0
0
404.6544419622422
393.75195052773705
385.3526911050308
384.8598985370689
0
0
0
0
0
366.0513727193461
0
0
377.28937297109184
0
0
0
0
0
0
0
0
0
0
0
307.2864018531231
0
0
0
312.47979140681105
0
0
0
0
0
0
0
0
0
0
0
0
0
0
0
0
63.03686077658256
0
0
0
0
0
0
0
0
0
0
0
0
0
0
0
302.9686039155058
307.8081690457355
311.90296324682396
0
0
0
0
0
0
426.13575155640956
430.3720889384883
424.9721715980188
430.9942782019541
452.3871146645411
0
461.4124158853965
459.8051238646471
465.82240187417716
470.3834061198322
470.9792639124415
470.5404226894564
466.9104302482598
458.4374054538047
0
0
0
0
0
0
0
0
0
0
0
0
0
442.3788324547522
436.2739084306599
426.0683930924699
454.8758903722817
465.54149085220337
471.6885296429688
473.6924012706394
475.3985078150794
473.5664153840023
0
0
0
0
0
0
0
0
0
0
0
0
516.6693100809537
500.5172611962894
487.02318697837
475.5322091662334
472.9393503883616
470.10515484293967
0
467.5569130575499
0
0
466.71195740441885
468.6416657934251
0
0
60.818507738921596
0
0
0
0
0
0
0
297.21004525156275
0
0
305.17767807995403
305.5244534408553
307.286868930532
0
0
0
0
0
0
0
0
0
0
0
0
0
0
0
0
0
61.75408198120721
0
283.22593769926686
311.17445521320417
0
0
0
0
0
0
0
0
0
61.61874418962414
0
431.6849465191856
0
420.48300416543094
431.15612167016104
476.13841463167154
473.348975757153
472.78143064918277
0
0
0
0
0
476.72520647486516
0
0
0
472.9044351118352
471.47717351700874
472.54875432663334
475.91400689178016
0
472.62469254182514
459.2540172742638
0
0
0
0
0
446.1606405064888
444.1512179037341
0
442.1110028985365
470.9948092333483
0
472.5633253083328
468.9698631725673
470.0577919451777
472.8731162482524
464.7338814720038
437.7705212851647
415.02904890198874
414.5549233727169
419.3395031267505
417.7269886327958
417.26735838107356
417.614527383647
411.5350711005004
399.3375446468778
398.55788419979194
389.41115647621183
374.99532028541944
365.9099154520343
374.52048962433526
388.9603843369814
395.4583847504844
396.44033776042767
395.022742262845
392.0485380061097
387.4662031608525
369.37087353467547
0
0
0
0
0
0
0
0
0
0
0
0
0
0
0
0
358.5911285142842
352.49647869646316
346.63048800477077
340.6814156026443
0
0
0
0
0
0
0
0
0
0
0
372.58032577898945
386.25125546901864
0
386.47853158586
386.79638850111934
0
0
0
0
0
0
0
0
350.4254561441075
353.56901144629194
377.6387031819925
389.75596811884657
390.3513079527886
389.85483204232617
390.3655482807776
387.8861842585601
387.4785713250787
0
0
381.53472668833393
365.3467747980633
0
0
0
343.2459570076315
0
0
0
0
0
0
0
0
0
0
0
0
0
0
0
0
0
0
0
0
0
0
0
61.30926077115063
61.29435710802873
61.558075163983816
61.47849307150203
0
0
0
0
0
0
0
0
0
0
0
0
0
0
0
0
0
0
0
0
0
0
0
0
0
0
271.7184394566846
0
0
0
0
376.26586956418777
0
387.15090629327915
0
0
0
0
0
0
0
0
0
0
0
312.1348137382233
0
0
0
0
0
0
0
0
0
0
416.9589557066199
405.90462409572984
393.3345008612657
382.1160153015345
380.88823335526047
386.81629473404996
0
0
0
388.06377546938006
390.389198544662
389.01849735091855
382.17708909683256
356.22221252769003
329.32865728915965
0
352.25904770630007
0
0
0
346.2795377108068
0
0
0
349.3661764517807
0
0
345.423704402939
0
0
0
0
0
0
345.35688001655285
346.65886543308955
0
346.92122197393564
0
0
0
344.93403390731953
344.2380150643797
346.16939835608406
345.7622998750813
0
345.0816189402909
344.40968179197847
343.41287849738467
0
345.05884027745435
0
346.05636340656804
346.8502667289715
0
0
0
0
0
0
0
0
0
0
0
0
0
0
0
0
0
0
0
0
0
0
0
0
0
0
0
0
0
0
335.0129883160781
345.47966383406003
343.96805247136786
0
0
387.39065655245355
390.8682762641505
0
0
0
0
0
395.61942618242796
0
388.2331862686152
382.6553951822718
377.69479661260993
372.2280769478368
0
0
0
0
0
0
0
0
0
0
0
0
0
0
0
0
0
0
0
0
0
0
0
0
0
0
0
0
0
0
0
0
0
0
0
0
0
0
0
0
0
0
0
0
0
0
0
0
410.3121822601054
417.1891719001452
0
437.3362217442492
468.0790532636523
465.69496982842367
0
0
0
0
0
0
0
463.05126717049006
0
0
0
0
0
469.2379664236941
468.92566937207454
0
0
0
0
0
0
396.1015678903682
388.1151808823928
375.6120729263188
375.5292152985462
395.36050360634533
407.3763085629549
405.83076981810103
402.7089879490071
0
404.93712461119884
405.3831728073451
405.1146932507522
397.29763202475993
385.46968915896684
383.43625093016834
382.67949238676175
384.7871160491075
383.9156327049991
372.6737000645072
0
0
0
350.11658003627394
349.9782407911426
0
373.66917527363654
385.27764024133467
380.8203365793537
377.634521110826
376.6869610198537
378.94412768865914
377.5095723517685
0
0
0
0
0
0
0
0
0
0
0
0
0
0
0
0
0
0
0
297.7492263831001
300.47752120302346
300.0273297185026
0
314.48521657069904
313.54513132641995
305.57414816235314
0
342.58763683120617
352.061756664619
349.2417838568185
347.01072762915
345.1389468997832
344.03161994399335
0
280.41488383176886
275.70764951590024
0
0
0
310.18889556600084
0
0
0
0
0
0
0
0
0
0
346.3859513120881
0
0
0
0
0
0
412.78732882179696
420.93913834282887
419.1302155259987
0
452.50500961555446
473.56086249159114
471.0321405533124
464.7850476941034
468.70221843164154
469.09554295837734
462.7679072722896
0
0
0
431.60733872320395
428.91567077110415
428.18517344792957
0
434.9186673969009
459.0171339322219
0
471.14507302213553
471.3608861361572
470.86954081341264
471.15980534018024
468.1733850569965
463.36830498674374
463.438138785759
466.4792293337746
469.2709806087728
469.5541420311932
471.93041511423655
466.4735569599085
0
0
459.40691976327287
0
469.4073415697455
470.30118998304494
469.1153044323233
468.6450239701247
467.5420903478096
466.43061122448853
0
0
463.17817694993204
0
466.5753663018797
460.5806646448727
0
0
0
0
0
0
0
0
0
0
0
0
0
0
0
0
0
0
0
0
0
0
0
0
0
0
0
0
0
0
0
0
0
0
0
0
0
0
0
0
0
0
0
0
0
0
232.31012793577833
0
0
0
0
0
0
420.93100344190646
420.24549509245173
415.696840908932
460.22076152093973
471.6773655402478
466.9225968034369
472.8965281866133
474.4444877394267
475.783917463839
478.55725715475677
0
0
0
471.47297602628714
473.96670355657653
468.9157925252715
0
0
0
0
0
0
65.04278471132055
0
0
0
0
396.59153097502787
381.07354313926226
375.10892935015164
394.00614073604254
407.0659351288237
409.76460333632764
408.0416220080541
406.36162064723743
406.03227032464974
407.744287937525
408.39423960289844
406.4984138821045
404.0043011789865
399.20792883172254
394.7882126829892
392.041387079613
391.277755766819
381.97996205447237
0
0
0
353.6547030285149
358.84903484452104
0
361.11409321116747
385.85809597087166
388.7955528045437
0
384.4526274175154
382.5694054613893
387.4979236666552
381.20182366586596
0
0
0
0
0
0
0
0
0
0
0
0
0
0
0
0
0
0
0
0
0
0
0
0
0
310.9980135654342
329.06288435009907
350.3562947370829
349.4687578111334
346.20300030162605
344.32787521137766
0
0
0
288.05915694766395
0
0
0
0
0
0
0
0
0
0
0
319.0400859686549
0
347.17073506036166
345.9290178570617
0
0
0
0
0
0
295.13214355925874
0
0
0
0
0
0
0
0
0
0
0
0
0
392.4344557211918
430.71557067405035
424.52927393064783
416.90191941244257
430.1057381163426
452.9572249564828
0
0
466.5458848937152
466.26463882663984
470.4932202678347
471.50031157562387
471.3198443591465
473.3090969625655
471.0402208723459
466.8923837753053
468.61174855408416
466.58357279848065
0
463.99829649207567
0
468.7840532492452
468.39444798789305
0
466.7220918686256
0
0
0
0
0
0
0
0
0
0
0
0
0
0
0
0
0
0
0
0
0
0
291.01880958177014
300.97236839117323
0
0
0
0
314.50713793367356
317.46563373489886
318.314399072554
316.63398232161796
0
0
0
437.0946031302801
461.9223781596554
0
465.6710043629812
471.4943733814727
492.6725072390981
0
530.250958886324
0
0
0
0
520.4356637668138
518.0964456322498
516.2708475380938
0
0
0
0
0
0
0
0
0
0
0
0
0
375.70922556796774
372.59699226345725
372.6259581217756
384.21060742275466
401.14038922616095
402.29444648781936
398.676034701568
398.0601327308588
394.8746337033616
382.38693866216715
0
0
0
343.7081531446068
353.3790437083912
353.9846865784209
352.42545452882746
350.406357405549
350.2774871589045
352.73024004324657
358.9898671509461
377.9739934982245
391.7315537911907
392.0682037265354
0
0
387.50347712575103
386.76480940636736
386.3601366822671
386.43355235333667
386.31131249716134
385.7048806362418
382.6523208205055
0
0
0
0
0
0
0
0
0
0
0
0
0
0
0
0
0
0
0
0
0
0
60.886684102201855
0
0
0
0
0
0
0
0
0
0
0
378.0367858250222
354.32467225128136
343.83497978174296
344.8855768573536
343.7672683919288
0
0
0
293.5216487715264
302.5723607246895
307.8800957729531
0
304.503225947627
0
0
400.46032715507886
408.6871666896376
413.13875456612146
0
0
444.5308896685242
0
452.1819524778172
452.0554052853571
452.96607715397624
0
0
0
0
0
0
462.68109454763936
462.6775781717111
462.9888306710297
467.31808100249197
468.6148012461075
471.992725058953
465.7329935193596
0
0
0
411.70891734834214
412.121973523371
407.8101663390695
406.1798010679187
405.91714011401405
406.8572072617736
410.32127022295015
412.5267549905706
416.7812635740375
0
399.33424954309135
0
0
0
392.940018773115
386.94440787039423
0
0
0
0
0
0
0
0
0
333.07151777398667
326.83644378877096
0
349.006620915443
349.2270720528176
346.415888379718
345.2196718167244
343.11778301043455
342.7853500379251
333.5105988750192
0
290.3402782799252
295.4292037370284
0
305.8058760096675
0
0
0
0
0
0
61.32755544835711
61.22631754528312
0
0
0
0
0
0
0
0
0
0
0
0
0
60.68113216068981
0
0
0
0
0
0
0
0
0
0
0
0
0
285.12341255147743
0
0
297.95308667075363
0
0
0
0
376.6557165551595
382.01206293493016
389.7882992797714
410.6145987151269
419.9908833329104
417.150582352267
414.8354242123494
412.8174469951119
411.90492875037387
410.8996605088688
409.9437547690686
395.4266995174664
397.4509645706007
401.26601443512584
394.196891073716
389.88166844384364
388.3657322219931
388.5746766818379
0
0
0
0
381.4519706662127
0
0
0
407.4670777944214
404.65584785501756
396.4310407428814
392.874409762004
396.9359775760919
404.8521935945047
405.9529274785908
406.1122459705616
396.73468381705794
0
0
0
0
0
389.5290483974536
384.82012132693865
386.1294925061258
0
383.8013565136919
0
0
0
415.7290670959932
409.00836800915727
401.9477065661391
397.8137792931213
399.08615432315344
401.9936186760569
406.33241463786305
406.3760038341419
398.3370842867237
390.3027421700128
0
0
61.82003999413571
0
347.01848888736254
346.1648882760932
0
374.5395200991248
384.2076874224624
0
0
0
0
388.5026258087601
0
0
0
365.96688913471843
346.0474213926817
0
0
0
0
0
0
0
0
0
0
0
0
0
0
305.2343419646291
0
0
0
0
0
0
0
0
0
0
0
0
61.07663895323257
0
0
0
0
0
0
0
0
0
0
0
0
0
0
0
400.031422134613
398.67300476404034
399.61712044869324
399.28630018845666
393.00154250536855
388.9447594988825
384.2444810479932
376.3477456259415
374.89851506235857
377.72079595487764
374.4956863971872
368.5514313208673
0
0
416.58817830867883
419.1374054936609
403.78197450175696
401.2146096295869
409.3246665685747
414.7476065993118
412.11177182692353
403.73971558225696
385.909544396547
0
0
0
62.09881682132253
0
0
386.15624016950665
0
0
388.4650026775181
0
0
420.0627537867524
413.343255302123
405.92710031980926
402.1820354257941
409.51162863701876
413.6210501659581
413.94028666016584
406.13058880212867
0
0
61.68678786125745
0
0
0
380.15912142968205
362.3989855441227
348.9094786128399
0
391.5908864680202
390.6440171410782
0
0
0
0
0
0
0
395.56565252513195
368.22641848770303
353.20482371324704
351.6060396774767
0
0
292.70199842796984
295.6538803017141
0
0
305.268941929773
280.50903605948787
0
307.7242980415516
306.28089897572437
302.5425993322876
300.0273948675417
302.5510741326574
304.713761663115
308.563166463266
308.3269389940099
306.16858932536167
303.99986696991436
0
0
305.969073693419
0
0
0
290.9497479499858
0
0
0
0
0
0
0
0
0
0
0
0
0
0
0
0
0
0
0
0
225.11353770910208
0
222.39533087076245
0
234.1456326492336
0
0
0
0
0
411.83114526146716
420.70667010946096
428.54263585702716
450.7560545005546
462.56386293612644
462.63036085530615
458.606467043644
452.7933921822588
466.037193637054
476.25960364420627
0
0
0
450.9697746119083
461.4027974787758
460.63777513464197
0
0
0
472.888005285405
473.20078338138796
0
0
0
0
61.947119587049215
0
392.77520654187435
369.28690682971194
375.25288357740976
376.8640892268892
402.5163911353727
410.67398513833007
410.0879871683254
408.21062415843664
408.8885760448243
410.1698304514238
410.2663000311828
409.8727256073581
400.48606737872836
389.8134381873838
384.4967916410237
387.79497711532883
391.0466384132044
386.6758810779394
368.25392507787996
0
0
0
349.3922741779482
352.7765819336712
345.8871806123261
366.25499229620016
386.12739637255197
384.86783775815104
382.0078324320175
379.0037069392577
378.2593105595157
373.8116029204682
0
0
0
0
0
0
0
0
0
0
0
0
0
0
0
0
0
0
307.4544620826993
0
0
0
0
0
0
0
0
0
346.4285259084534
342.0300118665135
341.36668526794034
339.42214818276847
0
0
0
0
0
0
311.9489537797238
309.1712097513539
306.9678203865882
0
0
0
0
352.06580843075494
349.6321762504949
0
0
0
0
0
0
0
0
0
0
0
426.7026132950838
427.2613224013335
439.61636186881776
459.2575076309346
461.3546082728704
457.7839488485462
459.3773925516572
464.1085347759131
459.9617055458061
446.93364433729556
423.2674047862616
0
412.9185740785445
422.96154751434017
0
418.6635866420051
415.6032456748758
434.71623552575056
450.51210864039854
452.8613372381682
454.77712768065777
452.61811939056264
453.628121187062
455.6537038530256
457.77341205239173
456.0056785883529
0
0
0
0
0
0
0
0
0
0
0
0
0
0
0
461.8063415696573
459.84027021368894
459.1761393580469
0
0
0
0
0
0
0
0
462.7217859843861
464.2771673750864
0
0
0
467.58280316405285
461.89469521906824
459.3506600916532
0
0
0
0
0
0
0
0
0
0
0
0
0
0
0
0
0
0
0
0
0
0
0
0
0
0
0
0
223.59155972723627
0
0
0
0
0
0
0
0
0
0
0
0
0
0
0
0
0
469.72720122965825
466.4886496784817
468.95723594744015
470.0766752871352
471.8173968527334
0
0
0
0
473.06157415801897
471.10507300982795
466.3012914673682
463.7488959270673
0
0
468.56992867573706
472.55932337423997
0
0
0
0
0
0
0
0
0
0
0
0
0
0
0
0
0
0
0
397.8644891928564
394.59906126563425
392.71457099599587
394.0906790675896
388.9228013278816
367.98957903923724
0
0
353.2285236302804
363.2296713462745
353.5079803758044
361.6115780212943
383.10717921224284
390.93134315511094
385.8279339599346
382.86908228044433
380.56473650162184
0
0
0
0
0
0
0
0
0
0
0
0
325.3005019426292
0
0
0
0
0
0
0
0
0
307.25737772128446
308.0534975528685
308.70363573978346
306.7327476653097
307.3393195667477
314.2974793359332
0
350.99074746199324
351.83623094740994
350.135282832162
347.97535536603624
346.28036482825587
0
284.13458923169713
0
0
0
306.92463026245935
0
0
288.4204857908574
0
0
0
0
0
299.8895060326956
0
348.4990064228524
346.51903311243063
344.91111519594085
342.3487771056174
0
341.71132083230924
343.3114783675891
0
0
0
0
0
0
0
0
0
0
0
0
0
0
0
0
429.27840375112004
428.07240635577136
421.6299896453586
421.77604401041015
434.9142287475196
459.92045787746264
471.15499682462263
459.73124541311216
457.83275924724757
462.86498800812376
0
0
0
0
0
0
468.09328313565925
0
0
0
0
0
0
0
0
0
0
0
0
0
0
0
0
0
0
0
0
0
0
0
0
0
0
0
0
0
0
289.4733119419153
284.02602145638735
278.96797881198063
281.71356685345495
299.89692970248007
0
312.7327819146024
317.61608696126143
0
0
0
0
453.2720760567449
472.60180717352307
471.5776173057176
463.25381643063673
470.7347994264782
495.08944064233094
529.6562458505543
535.2814464183498
530.1078583925049
525.4332720996106
525.5256967747919
0
0
0
0
0
0
0
517.2680860477577
518.1632757484981
518.4146971775741
510.96069278533014
0
0
0
0
0
0
0
0
350.42758674521764
0
387.92442521284244
393.46776317506203
393.05010270922617
392.3149177722855
387.6453697513875
384.96730082442383
372.71788704074584
0
0
0
0
0
0
0
0
0
0
0
421.29329596069647
408.9881190157091
395.6279309925384
383.8335271137027
380.6782143185924
378.30711708756525
0
0
386.3825374711035
387.2999864255292
0
379.83063529429467
0
0
0
0
0
0
0
0
0
0
0
0
0
0
0
0
0
61.63692710927897
0
61.48722937913257
61.81730830516061
0
0
0
0
0
0
0
0
0
0
0
380.22879929051106
374.54187864411523
353.15374774569705
0
0
0
278.41824763003206
278.5012066573669
292.31613581392685
0
0
0
0
0
0
0
509.67759476276547
515.0040489911116
0
0
567.0092970438127
581.0245847916228
577.419775685823
572.533576134121
571.1505504363546
573.8659915355597
576.6846217618456
576.0193181885406
574.2408202562972
581.7110796690548
582.7904298465573
578.8324362896191
0
0
0
0
519.4538621108026
511.22083017540444
516.0288696972883
515.1121998230531
553.2680439448204
581.3139550140731
592.129904017072
588.9440037426748
586.5398181088724
584.8851585910277
584.9363434840532
582.1284473462525
581.7310377611735
584.7763262015312
582.5792574232604
0
0
0
632.6937906132539
617.7418035975966
614.9473270363565
620.862078173369
0
0
0
0
0
0
0
373.86915746137777
373.5165011958623
368.5474299122881
360.5465896449439
372.0043343498103
381.5761528602909
387.293258505097
386.6314665589928
0
385.0279942773441
383.3465895868687
384.54204644765815
386.04054260273676
384.66898871305807
386.25310065765905
387.11803734928856
386.85224613850323
385.43863685705924
385.9878194885773
0
0
0
0
385.85038767712496
388.97246234464745
0
386.9165133978381
0
0
0
0
0
0
0
0
0
0
0
0
0
0
0
0
0
381.6537976196471
377.08273029672637
377.2674174433791
379.7154312630758
383.0040383735984
0
0
0
408.7037621221135
404.9505780525513
402.14771569777065
400.10873882029125
402.61464508825776
0
0
412.8611043197544
410.4469185699324
412.4554574078423
439.3898938666555
458.1156836710036
0
455.301901928679
0
452.9825033565479
451.1316740656988
0
0
0
0
451.97109288041935
439.61197073511744
421.2194771265678
415.25405170231005
411.93802382076746
411.68495885072207
413.34083192783027
409.5109172548115
408.1793353146942
405.81993076276063
384.33118109401437
0
0
0
0
0
0
380.35150959607654
390.21232251167817
388.7405963468777
391.2861672420729
390.2316419158236
390.5196822052732
382.94965108422423
0
0
411.34673862477973
411.5106759345708
417.0636330758847
412.4570695285567
409.82974025151407
409.37871054736553
398.2413443106341
412.52335105700456
0
427.8245719194018
423.1494090112259
418.3250832796363
408.994602136964
426.5900513881261
448.2313202699584
0
0
452.6403319284438
444.1059876800096
429.00723354329864
412.6627561532243
404.6468853722582
406.8217818727211
408.9846554724985
408.8024611799425
409.6853317987007
398.9657164517289
0
0
432.9621328549117
420.4218341193592
407.90067794787933
400.59513384154747
402.4420173040402
405.46398908348345
410.23173583786445
396.0890104916765
0
0
0
0
0
0
0
0
0
0
382.3096428468256
378.9889758385498
381.5775614291997
382.649828112882
0
0
0
0
0
0
0
0
0
0
0
0
0
0
0
0
0
426.01963887001597
417.62840201309086
408.7012772016272
441.49366400960866
456.04241602110926
458.318761053019
0
0
456.2116840886552
457.58885864837254
442.8643926355283
0
0
0
437.4314817988685
428.8261761076688
418.54569278916847
410.4356888544371
410.72892076725407
409.8689875713563
409.36270994172327
409.91001883307064
410.1133666352615
416.1273613928338
414.5682462467382
403.9921073139192
390.8318667706278
371.41511928116705
355.8727557473011
351.79566541379415
364.99526199285106
380.86648191324065
395.9914891812913
396.2643340281961
0
0
389.38798822876555
387.36121587270816
385.3166280517081
384.45579972570033
389.39855751373324
389.8910658539197
371.4936811150343
351.12361607271765
343.2985818213417
344.04103281260666
346.8149451661101
348.2715279292518
349.19628543766703
349.3241510717272
348.3916410633608
348.74261158022165
347.84934303774116
349.3004097255079
348.02190383438045
349.15420467723374
348.7702531205585
0
0
0
0
0
0
0
0
0
0
0
0
0
0
0
0
0
0
0
0
0
0
0
382.967363527609
379.3359259032925
379.0024724674971
402.00976771793273
417.17658008254625
416.7732090265346
408.14574457993706
405.1100309689971
404.7133179026648
410.8859202032721
402.7284888128799
0
0
0
0
0
0
0
389.20556531409954
391.4890320065407
388.0213921933702
387.6957936960812
386.7334848199064
0
0
0
392.3932992019338
369.4881541153129
344.08996893771786
341.3947800304901
345.52797926662373
349.6346816329938
343.62278240031105
0
0
0
315.8382502266553
0
0
295.8853453724508
278.91613046569864
0
0
0
0
0
0
0
0
0
0
0
0
0
0
0
0
0
0
0
306.42977771283506
0
0
0
0
306.70211086280955
308.0444003937764
308.70893139510935
310.83834317025884
309.80130465589275
310.5020547865631
308.0984521648786
306.8658534690878
0
308.1934671202514
308.4653582674056
309.0316013810178
307.75249753382843
308.7895170037313
307.4745580372042
308.1976832512732
306.64324351112987
307.39952204160056
307.5898180104693
306.5858520645657
307.2070757200601
308.43126667161977
307.92963872848
306.07433155681923
307.4966584271825
305.4798080677119
305.5440915104185
304.8310315462667
306.1358151738773
307.3269735096607
0
307.63042972766704
306.7855034177528
0
0
0
0
306.3205396858553
305.797110832813
305.92821628656475
306.94842406980916
0
0
0
0
0
0
0
0
307.8421917691511
308.2581877373676
0
0
0
0
0
0
0
0
0
0
0
0
0
0
0
0
0
0
0
0
0
0
0
0
0
0
0
0
0
0
0
0
0
0
0
0
0
0
0
0
0
0
0
0
0
0
0
0
0
0
0
0
0
0
0
0
0
0
0
0
0
0
0
0
0
0
0
0
0
0
0
0
0
0
0
0
0
0
0
0
0
0
0
0
0
0
0
0
0
0
0
0
0
0
0
0
0
0
0
0
0
0
0
0
0
0
0
0
0
0
0
0
0
0
0
0
0
0
0
0
0
0
0
0
0
0
0
0
0
0
0
0
0
0
0
0
0
0
0
0
0
0
0
0
0
0
0
0
0
0
0
0
0
0
0
0
0
0
0
0
0
0
0
0
0
0
0
0
0
0
0
0
0
0
0
0
0
0
0
0
0
0
0
0
0
0
0
0
0
0
0
0
0
0
0
0
0
0
0
0
0
0
0
0
0
0
0
0
0
0
0
0
0
0
0
0
0
0
0
0
0
0
0
0
0
0
0
0
0
0
0
0
0
0
0
0
0
0
0
0
0
0
0
0
0
0
0
0
0
0
0
0
0
0
0
0
61.54721714924215
61.51094465640483
61.5573333029715
0
0
0
0
0
0
0
0
0
0
0
0
0
0
0
0
0
0
0
0
0
0
0
0
0
0
0
0
0
0
0
0
0
0
0
0
0
0
0
0
0
0
0
0
0
0
0
0
0
0
0
0
0
0
0
0
0
69.65457451544941
0
0
0
0
0
0
0
0
0
0
0
0
0
0
0
0
0
0
0
0
0
0
0
0
0
0
0
0
0
0
0
359.07281805798004
352.6332864618129
0
0
381.88458775791077
0
0
0
0
0
0
0
0
0
0
0
0
0
0
0
0
0
0
0
0
0
0
0
0
0
0
373.5523520951177
0
0
0
373.6855658912228
0
0
0
0
328.7158014799172
0
0
0
0
0
0
0
0
314.2510060854179
298.90995975306123
0
0
0
0
0
0
0
0
0
279.9173039423341
0
0
0
0
0
0
0
0
0
0
0
0
0
0
0
0
0
0
0
0
0
0
0
0
0
0
0
0
0
0
0
0
0
0
66.27751554569703
0
0
0
0
0
0
0
0
0
0
0
0
0
0
355.4874369690913
353.6414179375096
351.5050444294767
369.92005455714286
391.75945512820795
391.90792705732684
0
389.4853210467535
381.3248479931958
379.5270733530097
377.114173959067
388.88454639912106
0
0
0
0
0
0
0
0
0
0
0
0
0
0
0
0
0
340.7042752034838
0
377.9691511245602
390.98041164972574
386.41878419478167
384.5033874897493
0
0
0
0
0
364.373075314235
0
0
0
0
0
0
0
0
0
0
0
0
0
0
0
0
0
0
0
0
0
0
62.168661252627125
0
0
0
0
0
322.59168530774195
0
0
346.65916653231693
351.51817293433123
345.22844251284016
344.2060986775493
0
346.47509316282174
0
0
0
0
0
61.73576395926137
0
0
0
0
0
0
0
0
0
0
0
0
0
0
0
0
0
0
0
0
0
0
0
380.4327051340348
356.9629250023584
351.12369231699233
351.67743326001386
377.4200675638945
397.80099485313235
395.9728304330922
395.43983698891026
394.8435954061348
393.2888091159254
0
0
389.3055576510571
389.3303272622606
385.7484348469078
0
62.198239008070466
61.61937473098295
61.4416640382683
0
0
0
0
0
0
0
62.46562389127447
0
0
0
347.34507107315386
343.05520380335446
372.1767553625813
387.25684566389884
0
0
0
382.7601044082371
0
0
0
0
0
0
0
0
0
0
0
0
0
385.55616333136277
370.49330150131857
0
0
352.5624643989505
352.413440002093
0
0
350.785178495145
0
355.2413573946786
0
0
0
0
0
0
0
0
0
0
0
0
0
0
0
0
0
0
0
0
0
0
0
0
0
0
0
0
0
0
0
0
0
0
0
0
0
0
353.58498106279234
0
0
0
398.97507291195757
397.91235420968036
397.1117622416267
398.47922317911326
0
0
372.9861156178523
371.4197970360108
370.87757023472034
387.3581878154113
414.77624660850336
415.6277932054759
0
412.5739650704497
408.82651824934044
410.36350516207324
408.53659615996605
386.91298472230926
0
377.5529389877098
351.87435611702284
356.1955272962055
381.9593923658067
0
0
0
0
0
384.89750682329577
366.81626712512127
353.6605394112457
351.2611876729383
350.23915474688863
348.5867240309549
0
0
0
0
0
0
0
0
0
0
0
394.21161409371285
390.3392718901916
386.75095237288906
384.4141443952725
377.126375461194
380.475498769244
0
0
0
363.4437168905223
354.4484893029105
0
0
0
388.7019373189929
0
379.4542282276984
0
0
0
0
0
0
294.31361983746535
0
0
0
0
0
0
0
0
0
0
0
0
0
0
0
0
0
0
0
0
0
0
0
0
0
0
0
0
0
0
0
0
0
279.32069408888185
300.10043583758056
0
0
306.3698982095102
307.48236977602437
304.2807441652224
0
0
0
0
0
0
434.79034260245504
433.8562912368952
416.41037292469275
0
466.38949236266086
0
0
0
0
0
0
0
0
0
63.82171005671097
0
0
0
0
0
62.43606472758435
61.95343535263041
61.58146674941957
62.011021567012186
61.83771834901779
0
405.33326491939033
405.9381185312824
406.6085879634517
0
457.3439955781838
461.5407806886885
458.74102406905905
461.40079366930024
0
0
0
0
0
0
0
0
0
0
0
0
0
505.5724124813765
492.47516736098555
472.90084103852723
0
0
0
0
0
0
0
0
0
0
0
62.38686158005163
62.479219903800654
0
0
0
0
277.706374098367
0
0
0
314.0477919698785
0
0
0
0
0
0
0
0
0
0
0
0
0
0
0
0
0
0
0
0
0
0
0
0
296.314007842757
296.38891222028286
0
0
0
0
0
0
0
0
0
0
405.4252516031685
410.41028944090317
406.9879810384753
0
0
456.3443493659664
455.7738356533633
457.19882835494553
0
0
0
0
0
470.29465416152607
467.7412209130793
462.95997799972275
459.2301838334486
456.08975324918816
457.2198757385291
458.6849455445574
469.04430961187865
455.090081548855
0
0
0
0
0
426.7416231558067
420.23509230577713
418.2913842440263
445.6343063442833
460.84797470441504
0
463.2576389662854
0
459.8379736372595
460.88740405582007
449.90228411450903
433.80391411568525
419.0111894294466
418.286116176561
417.0090273289764
418.46599463398695
417.0953312334482
411.35245522998105
406.9551069186733
397.55747792256614
380.9180092062268
369.74000795740017
363.4549236320471
373.37848303113867
383.2854953555823
392.9232102193042
0
0
394.2291625974479
392.77196558672824
374.5801867474767
0
0
0
0
0
0
0
0
0
0
0
351.3370886407219
0
0
0
0
0
366.39196847569826
358.39262571340436
348.15349738167515
343.1949797544453
340.9693069613054
0
0
0
0
0
0
0
0
0
0
0
379.43964440193645
392.8207533190391
393.47852864004767
391.440409671965
386.13360096093936
377.04457562362484
0
0
0
0
0
374.21588972286406
365.3197233369025
348.98108244830166
359.8583700493573
388.1091972792555
392.22309510494193
387.71566202632846
388.8577786316782
0
0
389.1503818978359
385.83899309017715
381.4559465209966
369.0486640561445
350.02186495860707
344.634563030722
346.01781670993046
349.53948971780784
345.66793707985113
310.5325991578828
297.9356832493965
0
311.33788130812934
0
0
0
0
0
0
0
0
0
0
0
0
0
0
0
0
0
0
0
0
0
0
0
0
0
0
0
0
0
0
0
0
0
0
0
0
0
0
0
0
0
0
260.6932096539554
0
0
0
0
0
0
0
0
344.5417798624971
0
0
387.79901908295136
389.9318752529701
389.8076823347921
0
389.31722368799353
0
0
0
0
0
0
0
0
0
0
0
0
0
0
0
0
0
0
0
0
406.46504973849517
408.97177845370754
397.0639073083731
392.5249641185268
388.95303636196377
387.5633080732141
387.26306840113546
388.43615512126433
387.8759086976168
387.8406201143988
388.5954338618163
387.995947599538
383.0390532381149
0
0
0
353.43897805863253
353.87394067731964
0
0
346.504511245506
0
344.52509650749704
344.32331435610286
0
344.0003202726864
0
349.1973469999044
350.65456993367894
349.6288357684231
349.0453489815617
349.18673152275073
349.44326140662696
0
0
0
0
0
0
0
0
0
0
0
0
0
0
0
0
0
347.57632190239264
0
0
0
349.89427577616607
0
346.237357340487
344.83742613164554
0
345.5693978724622
0
340.9512418451572
343.8582003188307
0
0
0
0
0
0
0
0
0
0
0
0
0
0
0
0
0
0
354.796624536565
357.44918009393353
349.812685645521
349.4225469476573
360.2395871637654
379.67701020321965
0
0
393.1518510945801
389.65941378563934
387.47764580252516
387.7468977734495
388.52877856220977
390.61916395152167
0
388.5761110854405
0
389.95456780392306
0
0
0
377.37819120205825
355.520245015995
337.3522614736317
341.2365455083338
346.1934531084522
343.71255658151165
313.1817716748138
297.0312017515068
0
314.5780342964359
0
0
0
0
0
0
0
0
0
0
0
0
0
0
0
0
0
0
0
0
0
0
0
0
0
0
0
0
0
0
0
0
0
0
0
0
0
0
424.61446034403906
424.2234259926926
0
0
462.46112135399244
0
0
0
0
0
0
0
0
0
477.65134751585634
471.43878322573994
460.3408978901724
0
0
0
472.6960240051869
0
0
0
0
0
404.5912696969441
392.38179659881155
382.864592876736
386.4086314131657
404.6801881479878
412.0224730204148
414.1229722814257
411.55348013177735
409.6287567818191
409.5605391268391
410.4827487637971
409.54888900748136
406.0155188770324
396.8620316169696
391.1521149512812
389.33548427371676
390.88966524032907
386.1592588309356
0
0
0
0
356.6740763178343
351.44001976293225
371.30045206303066
0
387.66784505680016
383.1648337310767
382.8897009587112
383.445159933938
387.0805483035068
381.03465370327297
0
0
0
0
0
0
0
0
0
0
0
0
0
0
0
0
0
0
309.01670459603974
0
0
0
0
313.91013949737163
0
0
0
346.34691666063804
342.955622105206
344.7043165042564
343.09774152195894
342.8437109987543
286.12754383123456
278.873253834481
0
0
0
307.6948984789301
0
317.28755398260694
0
0
0
0
349.8628225782378
349.29305251121934
349.72883629109117
352.7899877479478
352.83212362370256
349.46435651322867
347.75184324156794
0
0
0
0
0
436.4023868012362
437.0722993038952
446.68371651833877
0
477.8169116649202
466.751483059314
467.65164736184863
0
460.00785138897646
451.6410615378198
0
0
0
433.7084080928919
430.53743828997364
420.721104255157
422.93206680471917
439.90226175014266
464.2347262663373
469.83155706325715
461.1277558489232
460.97017663617873
467.67581631266415
470.19519833665726
470.24604683882836
469.9902264161865
0
0
0
0
0
0
0
0
467.43276199983023
467.73370501251986
464.98148948983487
463.6903928409902
462.4465606107709
466.77438920149933
466.4792293337746
469.9494060301587
467.64453908460894
470.60714760923554
468.88942134538075
470.3378535406557
471.359453195955
472.3172181200036
469.10603477129655
469.5470048361476
466.5535843257386
468.3047493421307
472.48185671304697
472.47652172834967
467.2740428591905
0
0
467.04620669561666
467.0985403463363
471.2638654527274
469.8132956693545
460.2526415773685
458.39002363751854
0
0
0
0
0
0
0
0
0
0
0
0
0
0
0
0
0
0
0
0
0
0
0
0
0
0
0
0
0
0
0
0
0
0
0
0
0
0
0
422.862735540883
417.6547015952498
0
453.9550701478868
470.32712992028513
462.52348668905194
458.10971509495903
0
0
0
0
0
0
471.1198040771055
466.8768724767825
457.71526522854754
454.96538788937437
0
0
0
467.2236171794822
0
0
0
0
0
414.722660781481
404.49780338283813
381.3823171004
384.5890603093146
404.59680456378976
415.40863147614743
411.93793437104836
408.534289677071
409.1178009685677
410.17143363855104
0
415.1464930824188
0
0
405.78547682669176
393.13614324904563
385.35603819528836
388.31210131028763
387.73974111320996
381.6571954565452
0
0
0
349.4289204965523
352.27243385382985
348.49809833184577
364.6353776777039
377.2858501697687
379.5414957090247
381.5464912638816
383.04470914595663
385.38792068727616
382.1264701773037
0
0
0
61.52393042015134
0
0
0
0
0
0
0
0
0
0
0
0
0
0
0
309.6474931852822
305.58224339516266
0
0
0
315.60214117549475
0
318.0590342129055
337.3244993863469
344.53736580208624
346.03855474992434
343.94997784981774
344.66285190097295
343.9505753427881
0
283.1271232899628
278.33942317947657
286.2735884271435
300.18979022425765
0
0
0
0
0
0
0
0
0
0
0
0
346.5696763010343
344.7482564636996
344.9744824072164
344.5405828235769
337.8236130592654
289.3319804007941
287.53633684206466
296.53523627253895
0
0
309.8868183907175
308.66060352973165
307.6840079903369
309.59955620980514
312.29060666803286
309.1279109875539
299.7136058199487
0
0
0
374.1430890930715
420.54920565917206
420.8659298938976
411.4333894456038
422.22597104463466
452.5060904613697
467.56533987602415
0
461.10853110386364
468.91630163600104
0
0
0
0
0
471.1005719422568
470.4747288351821
0
0
466.1808143355259
469.1424014148219
469.027708356126
468.18111134774364
465.8674159682564
463.9393589773587
465.2432716431373
463.2344024601714
0
0
0
0
0
0
0
0
0
0
0
0
0
0
0
0
0
0
0
0
274.4938678758206
0
0
0
0
296.2227196055222
296.2355844618673
0
313.28923869724423
309.9370207649264
304.904646076885
306.3263265944601
315.11533010737236
0
428.96531530130824
447.84119448457295
446.98634494610195
449.2145600819984
477.808818850308
516.3340785963519
536.5467406107066
0
0
0
0
530.1290389745989
0
527.2779880740072
528.4191340702037
526.0251852488111
0
0
0
0
0
0
0
0
0
0
0
0
353.2124167174244
348.42576135104
358.556012762749
384.9117989356433
392.0129549241425
385.86421244395973
0
387.69638299630924
388.80441747690645
379.1372182134398
0
0
0
0
352.3149669324087
353.55327286653505
351.1896498159911
349.84823654761055
346.7231560511068
344.44730139465383
358.0817811412464
382.26041746033155
402.43100660045513
401.2254128048271
393.3222874076756
0
0
387.5224099708329
0
0
384.51315623308113
385.5010787988706
384.39402790608995
374.8605813965097
0
0
0
0
0
0
0
0
0
0
0
0
0
0
0
0
0
0
0
0
0
0
0
0
0
0
0
0
0
0
0
0
0
340.4387841342267
0
348.08002259291527
351.49023728566397
342.1976052390153
0
0
285.25655602146384
293.7513807489052
0
307.37689467299487
0
0
0
0
412.4602937888881
425.11559893440835
416.2102292287834
411.8718363388357
446.3605506870831
0
0
0
0
0
0
0
461.2322042756734
460.6869898527385
459.8452628107144
458.7473993264223
465.2185212681469
463.30280763099154
461.0803963333189
462.91353601297345
462.91202823434907
458.570518814214
446.28272720881137
446.1230522799431
0
422.90212899709695
419.7850079187758
418.2683142326127
412.0445722256101
408.5570889451822
406.10704310666506
405.27957899078666
408.4838164466796
410.12610148586793
403.97991381689343
0
0
0
394.345344833921
391.92120293225094
387.55287275630707
385.5900718580289
385.50543169739933
377.27520004022944
0
0
0
0
0
309.76975598112864
0
0
347.7831066592551
350.3896183313523
348.8397831725578
348.67635653403397
348.73632627540667
347.8622594682261
346.77593747101156
338.9646115215694
311.3674261151986
0
306.53173285172113
309.21753607335336
0
0
0
0
315.59549373816594
0
0
0
0
0
0
0
0
0
0
0
0
0
0
0
0
0
0
0
0
0
0
0
0
0
0
0
0
0
0
0
0
307.43356635359333
304.7714644542456
308.6752820674208
0
0
0
0
373.7978853037696
361.55363367852624
387.3674402870448
415.8945703124678
417.68345165385256
412.75559955198383
409.8286723497571
412.0449301172284
0
0
0
0
0
409.73150493714047
0
395.1001204087355
0
0
0
0
0
0
0
0
0
0
0
418.7608717961121
407.7467670394777
0
0
416.72850459261036
0
0
0
0
0
0
0
402.3355057562438
398.61492098549724
395.8840199663962
390.9041798550305
0
383.2727616808763
0
0
0
418.8448097674095
0
407.05515147373575
399.11388617542406
0
407.91095255054574
410.84693235733243
413.4402917012004
407.27636194997444
393.45520383817814
383.53875861341527
0
0
0
348.31319977158364
355.120502072053
379.92252669241657
392.7747800988798
390.33452537599425
388.9684926084445
387.7380572123501
388.2046931117369
0
397.47832386640033
0
0
373.6254434312722
363.99088264129716
350.979086697218
351.673309599875
352.34227954802554
346.8717325488729
0
302.3271301233051
0
0
0
0
0
0
0
319.5831986274256
312.3116290722543
306.3926510422641
0
0
0
0
0
0
0
0
0
0
0
0
0
0
0
0
0
0
0
0
0
0
0
0
0
0
0
0
408.7067795458733
414.149770553247
409.2630757997454
410.9672980607317
408.39388488217617
396.9112412055097
386.13930256249455
386.5187320089582
389.9877622719263
0
0
387.8766667215011
378.323218240496
0
0
426.1458377374538
422.9148017980895
410.0701779539012
402.572683171019
408.1304125249307
412.8397681305051
417.62395845414096
0
402.2215111008609
0
0
0
0
0
399.4044931691852
396.74347105326893
0
0
0
391.09911835230236
0
0
414.81020289225125
416.07459483878245
407.79803470490333
403.8512466122702
409.4854861526833
415.4560811479271
417.2988001809537
0
0
0
0
0
0
0
372.8170435517204
363.7047184239586
0
373.7373389990068
394.04592625427455
397.3551787230681
391.33460046590653
387.5454672179913
388.0955448963419
382.5439861147195
0
0
0
0
410.1072219886416
370.1787136766047
346.3054048644175
344.75956049355295
345.89664424996124
0
288.7895420004208
291.08238857207016
298.9627333161203
0
0
301.4773262569294
0
0
0
319.65725216690197
314.7871281489207
0
0
0
0
0
0
0
0
0
0
0
0
0
0
0
0
0
0
0
0
0
0
0
0
0
0
0
0
0
0
0
0
0
0
0
0
0
0
0
0
0
0
0
431.3034155160301
429.1536068985755
420.4499529756399
428.3437297671489
456.65510943044217
459.94952061958656
456.01518448658726
0
467.6315413713599
0
0
0
0
456.89345251395997
472.665026852507
467.21895028910046
464.3005570077043
0
0
0
0
0
0
0
0
0
0
402.35839593349465
402.51918806930297
380.1194999062585
382.8704124842452
404.94644524849514
420.0557303703152
417.3517219886494
414.5866109100621
415.0702362087106
416.38939581085134
417.5552253401381
413.1734739731327
404.7740481816109
387.8122399796411
380.2148461844929
384.1739004617361
388.6917245497262
386.7604422876932
0
0
0
0
361.17408462470974
354.8253623055394
0
382.9810018356708
390.8083594124279
386.3962974010024
386.14525579513736
0
379.90182031711606
0
0
0
0
0
0
60.624741448378145
61.17348811126999
0
370.29906503072243
0
0
0
0
0
0
0
0
0
0
310.77982914798605
0
308.782208456522
0
0
0
0
325.3180910164445
347.50093155972615
347.86920885732866
343.39244694473683
350.11391915056123
343.7688359800294
0
0
0
0
300.3912773284231
310.3135283681053
318.6201942952331
314.50345012085006
0
0
0
0
0
353.21640502742815
353.2371142841279
343.4458399876283
340.73201949781634
342.8606107338924
345.55671664880384
348.3138048441283
0
0
0
0
0
414.23503296508636
418.2215423272821
418.4965271394027
426.75181634362934
461.2999131111354
471.70297167242734
469.3823696713109
469.1905890130303
0
0
461.8785476032164
427.690446225492
405.367064298926
425.78417996207315
432.4961634887384
439.02567133346645
427.08758625074245
433.33412181607963
453.88735522861987
467.7253767232293
467.0440769619132
464.7337805579998
463.47336155269227
0
469.3512840622271
469.54180494807014
469.68772955272067
0
0
468.69366934960783
467.4259615452855
466.9713675943982
467.89125948984633
467.2874365096862
0
467.4852404764455
0
0
464.02570246760695
0
463.92727015610956
462.5978138515762
0
0
0
0
0
0
0
463.4788968023116
460.9781844457699
462.4230635506717
467.4984371518915
467.2891614774278
0
0
0
468.76481467550667
0
0
468.5506988895235
0
0
0
0
0
0
0
0
0
0
0
0
0
0
0
0
0
0
0
0
0
0
0
0
0
0
0
0
0
0
0
0
0
0
0
0
0
0
0
0
424.6266312269803
422.3836964471318
418.65158667514004
439.4111709743529
468.9930818609475
467.0504661921584
463.5650539359838
466.7436790109702
467.49579778700047
468.12997787299224
0
0
0
0
479.8789118089698
473.0327100664989
461.8625008423793
0
0
0
0
0
0
61.170562504673256
60.94420676525283
0
0
399.97036120193366
387.55278860166754
375.09125456861915
382.6008081627838
404.9803882502453
408.1905032952844
407.78917972533804
404.4458967410895
402.74020727496725
0
405.1281525915623
406.85544033636336
404.4459845639602
394.4194213865894
386.2025289046116
0
386.00106245527877
0
384.09173963635936
0
0
0
365.67758331565767
362.0784548636003
361.78766644464315
374.8710819627138
382.34168840995756
384.63140275530657
382.647086153251
384.23905772986984
383.3302746430144
0
0
0
0
0
0
0
0
0
0
360.94170278870445
0
0
0
0
0
0
0
297.47392617589605
0
0
0
0
309.8743699986412
314.6148548000954
314.2604230171112
312.8369021159528
308.9272048017698
320.6981729590502
0
345.38470319014976
343.3896134677263
341.1068997770236
342.6990922750068
0
285.4446108957691
0
0
0
308.2839592941704
307.2102777240229
0
0
292.96938348182584
0
0
0
313.1932648043088
314.05058791526665
316.39219438025435
343.6717336599432
354.83553279748594
353.61124036563325
352.70665014662376
349.2288162033843
350.53923314568715
349.23329036858365
0
293.78895325247584
288.2361658802149
297.4949847531974
311.92267264490215
0
295.1584200189773
0
0
316.31388315668
314.32655420275574
311.82305473920115
314.4642527090604
0
0
0
406.2523956341562
414.8366853186081
409.96698878264317
419.74189445535796
426.8131659432563
457.26852670096747
473.0118591672769
471.3275202302887
469.9046097372494
0
468.4003471403082
0
0
463.4823186260504
0
0
0
0
0
0
467.58199090363524
0
467.65489689600116
0
0
0
0
462.9024790837753
0
0
0
0
0
0
0
0
0
0
0
0
0
0
0
0
0
281.40591587767597
292.00990446008785
0
306.54051908532085
284.1157102635377
273.86665107395527
277.3669598181871
0
0
0
312.6443103849675
0
0
0
445.7124038842323
462.6990787166627
466.0877948944795
460.006852512185
467.7532059773211
482.9668469935709
521.1825125785142
523.5236141799346
512.6721003970837
516.8476130765317
520.5354605492473
519.2968736502387
521.1743642958405
0
520.4865204382417
523.348235580203
519.6011947229293
513.985616275307
518.885680673667
514.2322190704006
516.7957653334468
0
0
0
0
0
0
0
0
0
341.60226358284797
360.8961690878318
381.34347895962344
380.23053314418524
379.33955021779417
378.61200521827976
377.26995700996804
372.5107553038881
0
0
0
0
0
0
0
0
0
0
0
423.5106680817463
413.79928188834265
395.93078698369305
383.0845523923848
378.2275250268364
379.6317508952418
378.7219402185798
382.87789496673787
384.6794299086852
385.6777454993138
385.8549120917445
0
0
0
0
0
0
0
0
0
0
0
0
0
0
0
0
0
0
0
0
0
0
0
0
0
0
0
0
0
0
0
0
0
0
0
333.78525503307117
0
0
0
280.43412583105413
277.8711081868371
291.8933202454158
301.9302835231979
0
0
0
0
0
0
518.0959956270153
526.0122782044318
527.8928413296919
536.2513583650651
573.2666748339336
590.9069845692347
587.9741525711374
579.9136228730414
575.7749657788613
575.7368341474611
580.9498994362178
579.8413466768043
583.0534585175583
580.9869885984938
580.0121042444105
582.6330238454036
0
0
0
0
504.63946997255283
525.8585602394718
0
519.0020846635689
0
0
593.6293385782783
587.6872095291642
583.1109406387479
585.1774680517057
578.952105340877
577.0882327577856
580.2008019659222
579.6477311653073
577.3672425809069
575.4326217028372
580.2785411059524
0
641.2059296549966
640.47773298116
619.4903572823206
615.8903841183452
613.4910192162233
614.2909676218133
0
610.3510623376509
0
0
0
0
343.83057477642626
348.2045306653306
351.413463852216
354.9892814170224
373.3731320026831
384.47124423158476
382.6030513115154
382.20231807821267
381.05864884376666
383.8961258268796
384.42007103060206
383.47888280408574
385.7447493001579
387.4639315001348
388.7108842629845
387.31857291312406
387.149645284872
385.7592404028378
384.39636503750614
0
384.3194141080662
0
387.1816761712222
386.71223929241773
386.92743569272557
0
380.91594136358964
0
0
0
0
0
0
0
0
0
0
0
0
0
0
0
0
396.23645601185933
376.9933267100147
373.2959560013178
374.80612968964834
374.7769129765448
0
0
0
407.1006745830983
404.3576443952004
406.2074084082367
410.29855069324435
411.60093633483586
396.5610466098035
0
421.4230362292683
0
416.9594084068302
427.55812656637005
459.85285166200896
470.9445956041127
469.136696656861
470.53480310523474
467.78083373590255
466.08496107884713
439.90168861859786
0
0
0
441.05433003375094
419.2072183007693
408.66888587026125
408.24829804479975
407.035529489969
406.571418529948
406.97649246895423
409.5338599537156
408.27498212402423
400.20371110532943
378.9329370511757
0
0
0
0
352.90813414597557
358.8883875071829
387.43642022216943
397.99211322733447
391.51785124047115
387.74496125234924
388.8805775601618
0
388.92913528844576
378.0387559491304
0
410.8566566682504
410.0792605566172
409.94856169832536
402.03971063095264
0
408.4626177755803
402.42558874578685
410.07080126334466
0
0
407.6004373032535
404.28705638384133
402.93282368625995
402.0993412078261
431.357176722395
456.59224646921473
0
462.2431598288525
0
435.31625182028597
409.55715966878046
0
409.3175560498958
411.4962897197416
411.47091402024455
409.14969481528686
394.814188441795
0
443.16703169653243
440.9658454436223
421.9453288888924
408.2195769317825
405.03403454612766
407.9695935982554
413.16611716266203
413.4814111251883
406.47837741447427
410.68655904127405
401.9111377440636
0
0
0
0
0
0
0
0
0
0
0
0
0
0
0
0
0
291.88761585065384
0
296.57464602764367
0
0
0
0
0
309.28737437086505
0
0
0
429.70115574807727
424.0907055464103
423.7957562630953
422.45515076642954
439.4948582037624
459.43704745545506
467.8452371256699
464.99370675191045
464.9030441413772
465.76383948540956
465.2544855117611
436.15219207818427
0
0
0
441.3129906579835
424.03637674839297
411.5573228975307
407.61743116470853
405.71137993484274
407.33084308074774
413.14081791186544
415.5121076040055
413.51104119263056
410.082466229135
399.5306158123823
383.1561808401575
361.50127191506215
354.4197050973729
0
0
362.82661738490856
377.13096136271935
393.99364976757056
392.26210433570424
387.31546108606784
386.69603301472307
387.36558977503785
384.6361634401498
376.204678433624
371.585895507116
381.3944082457814
373.4012662985037
353.37221444675504
345.200407052832
342.15971125699446
344.33662325039217
347.9648525953536
349.6357445279628
351.7612915042631
347.68177506584766
346.91677742955494
346.4425932236963
347.99643742365095
348.9094786128399
348.76699660607073
350.1008430917934
349.1072015361081
0
0
0
0
0
0
0
0
0
0
0
0
0
0
0
0
0
0
0
0
0
0
0
0
0
371.7006508775977
0
0
412.54762709207534
404.987511365651
407.1530103500836
411.7735586082279
411.4505431122295
398.3208233007623
0
0
0
0
0
0
0
386.20244504319083
391.9966967440198
388.76718721115935
390.8865247221062
0
0
394.6593021960944
382.8165429267795
356.60306218418714
344.71052913981214
338.80941619139435
339.8292346931291
340.86019046310463
320.4031846715407
299.923956017499
299.805904757735
307.2252875624864
311.57215328610005
307.8075674989966
286.9130834269723
270.5553526267528
0
0
0
270.00695496417814
278.55727241253027
282.5918381936752
0
277.0345173298879
296.07204941733175
308.08045615335084
306.8724503034202
306.6138806517271
0
299.8365688736662
0
306.0722712386526
306.79336426858754
310.79818530243216
312.18049951754364
308.3582737662168
0
310.21011329036816
309.331031316474
309.4689605732061
309.3901459234176
308.7682623510161
308.21541840221835
307.9607325084728
308.8610694407353
310.2040509353137
0
306.85812402545196
307.30601971558366
306.99188418742574
305.86073047314903
308.58641721877166
0
305.53321080242904
305.71538101367196
305.73523052074245
306.1083620437139
308.3689872393006
312.11895406685346
312.132034848686
0
0
0
307.7251667077148
308.3199761437279
308.6502820536494
308.3497702119325
309.6903267468544
311.6202603567063
312.66393084335596
308.93424844832066
306.92369720955935
306.7399410973167
305.4381537819941
305.96827642353014
306.96162143044205
308.59472627098944
0
313.40279929331007
313.7568769962757
312.8057235475977
310.3226925390248
309.87019821695804
310.593359697777
312.20673458192334
310.7039190676547
312.5541671502794
311.5111336247862
313.4163422185484
314.6939070599449
311.43132550261663
0
313.0072503659654
317.4799037349608
325.7892525492009
347.8242668930659
354.8053303709502
352.5664453699954
349.93401417253204
345.8604434798235
345.1770209243231
344.9302140163351
350.10472024432966
354.09715871269333
349.64485518881355
350.8802525064354
364.69341996121335
381.91070965343613
390.9905147513647
387.79539815165725
386.22894615850237
384.7349818340487
385.9035110013767
389.594098741862
0
392.7327350929876
382.8295939602169
0
0
0
351.43277010541294
355.4682167199203
352.29033384023177
350.10996587198656
348.47615351874
350.0822181536608
350.8291317868527
349.3831700985754
349.93340628544433
349.7162302460751
350.3341568410986
348.43915315305526
0
0
350.082522226327
349.3170967652186
349.7684039980528
349.81055878301186
0
349.5516339741272
346.224275702751
344.85509808985466
348.00437186214674
350.7499131982138
350.97154170291594
0
0
350.99074746199324
362.6874301124848
375.7366384142001
0
367.9916566167893
353.2254555902526
356.8431111985887
361.3564726500556
0
0
0
0
314.7053190091531
316.63659502472393
0
311.95565988776735
0
0
0
0
0
0
0
0
0
0
0
0
0
0
0
0
0
0
0
0
0
0
0
0
0
0
0
0
0
0
0
0
0
0
0
0
0
0
0
0
0
0
0
0
0
0
0
300.8577588793536
305.5914669135816
0
0
0
0
0
0
0
280.0547663905004
0
0
390.15352284323734
429.9423283828521
441.5688305662568
428.17727041679336
426.85598614585393
446.2815643207583
461.57255172931514
471.67060575327685
469.8053384124819
470.59079759604515
474.5733865333078
476.3182445527949
474.62759424523335
474.3335453598559
475.32914246994744
474.4476814511376
472.1456652508924
470.7704745379056
470.162323316437
469.98083741343856
471.6462303563161
474.7242765960888
475.3529856656744
474.4366580855456
473.576595855867
0
0
469.1206014637213
469.0609114552335
469.3292705810445
467.19409481041447
468.41835018545703
469.1033863303602
469.4708475246342
469.0826067742261
468.5542599015032
0
0
464.2141623739519
0
0
0
0
467.5148827611221
466.52086261715027
465.0697437053042
463.5370712417624
463.63683022305156
461.3062237603915
463.7588653472667
0
0
0
0
0
0
0
0
0
456.16601811283874
437.2460145011398
422.73971201183065
420.7057565725992
419.5535414799363
419.63007530790975
415.7565109726466
0
406.14699222818956
392.41349347635486
388.8063592892666
0
390.2840972270138
384.67993109320344
383.64545898733115
392.3856307623867
404.64134982030896
411.71875146363624
414.5766182717691
412.6238685040415
406.7626875280215
0
0
428.5384483882822
473.9602197125023
482.42862329776466
471.5024616298781
484.5516633285201
523.0651169460216
527.8178795594665
0
516.1039502644051
0
519.0653120989214
0
530.7922808448009
545.0036996803084
0
0
0
528.4932631593379
527.6009630508132
526.8655092584254
503.533822850282
460.9840902944705
448.912275146306
454.97289620782783
461.24352177675945
463.6951251742625
466.3562758308392
468.2668207295629
468.1645406438486
467.5386385513568
470.3639997731861
469.0646800536553
465.8561873263807
466.7384088183695
467.0460038634169
467.1049303216481
467.9429765542747
468.2526872601647
467.9668557132242
471.4946805276122
469.4828769075827
469.39755650431147
471.3251662831822
468.7912806423381
0
470.4895423559259
470.4551144081517
0
0
469.8309449379975
470.8994999424934
470.65027349402556
471.5975857458207
472.33055119770415
472.5796412365323
472.78399719338336
469.8026860234739
469.9905325824774
469.35057064618616
469.11275780390275
470.6930967066586
467.98524857699675
472.02972548107664
472.0580158489496
0
469.4662601292707
0
466.27719355042325
467.769254256097
467.83873543476716
470.7111878740185
471.12553294988857
467.9965285361397
467.60869470417276
469.3599470578324
0
467.8393449644506
469.77412278312465
469.63398404983514
468.86773496131684
469.5055092940014
467.8838427763899
464.0808215914751
463.8970494810817
465.0228881231086
471.03725466318105
470.8142287953275
462.0161714672486
466.74438846451824
467.4833117627741
0
0
0
0
468.26763417963315
462.82508797385253
461.26004783024115
0
0
0
0
0
0
0
0
0
0
0
0
0
0
0
0
0
0
0
0
0
0
0
0
0
0
0
0
0
0
0
0
0
0
0
0
0
0
0
0
0
0
0
0
0
0
0
0
0
0
0
0
0
0
0
0
0
0
0
0
0
0
0
0
0
0
0
430.58801852548197
429.33359062727425
422.9995723984135
436.986416475246
467.7133923720463
472.1845232324313
469.44923618721486
0
463.86985255671675
0
0
0
0
0
472.0301354743006
472.33055119770415
0
0
0
0
0
0
0
0
0
0
0
400.1485323314779
383.35183382343087
379.6212818419477
0
410.5192952181517
415.5534330840507
409.6637149501106
408.2509575093286
418.09124431550515
417.4311172845976
413.0338963470065
406.46372582103373
394.805015288863
390.7429366287448
394.82584808397485
395.6804243215209
386.60082435489784
0
0
0
0
361.85523426512106
360.4438872632908
0
381.8123679435919
393.46280774255786
389.8884413292109
0
0
388.70624195501966
0
0
0
0
0
0
0
0
0
0
0
0
0
0
0
0
0
0
0
0
0
309.0746853140863
0
0
0
0
312.41201360646613
0
0
344.24474254928606
343.7577137237877
0
0
0
0
285.36491254573076
281.03335799671487
294.5646309438987
0
0
0
0
0
0
0
0
0
0
0
0
0
0
0
0
0
0
0
429.65543780868893
427.87464762240256
422.9271994708712
428.7573682508608
461.55751784129455
474.832320256807
472.0526856500115
467.0461052795059
466.82111716264217
465.6658473987608
453.3123337335067
0
0
0
421.10525265924787
420.8759827343957
422.9852437798695
426.4483490021186
448.13935230000357
473.0747227978049
474.9927815861452
472.5805647964831
470.1463971145588
472.00512653933515
470.368698078392
0
470.890092775173
472.23948351560296
474.80891558389857
0
471.6233923669763
475.33585147336873
473.70618461748336
471.2050282491023
471.8814337952341
468.4379814131197
472.84806265077606
474.96895645786844
0
472.4832930653733
469.5170298015938
0
473.8005187325574
472.94232857537713
473.71904257871364
473.7071103790323
469.38124851519666
469.0583651220894
0
471.55058445708585
468.9107014483802
0
0
0
0
0
0
0
0
61.57543793279211
0
0
0
0
0
0
0
0
0
0
0
0
0
0
0
0
0
0
0
0
0
0
0
0
0
0
0
0
0
0
0
0
0
0
0
0
0
0
0
0
0
0
0
0
430.9691038528314
437.51203689565716
431.7897579320189
438.78416740581224
478.8980139928441
485.6563346647396
476.12404357778814
473.91586436460705
475.79280250438967
472.04059042182143
0
0
0
477.25872526406476
475.02248731601435
467.9434846087996
0
0
0
0
0
0
0
0
0
0
389.2998092976566
374.4564925151817
369.80400199298845
378.05287547236725
395.0293471226774
0
404.1175725757699
405.47957315925595
405.8291835967978
406.95475344794386
407.84656340704385
405.45914669603746
397.4493247988118
389.5225355021858
387.38342234950994
387.72374435029946
386.75288392959425
379.1829949235788
0
0
0
357.58791005723884
354.55240896004506
0
0
388.5866583333625
388.29397303876556
388.09984281694403
388.22694794303794
384.85221018432935
0
0
0
0
0
0
0
0
0
0
0
0
0
0
0
0
0
0
0
0
0
0
306.93036193535914
0
308.7441263491976
314.704362302908
311.44410695363996
0
326.1166744126466
342.25869025518585
343.33048861102793
342.5475425726445
344.40586770780845
344.9825726763587
0
0
291.10160404147143
289.62879977419516
300.89016398415146
0
0
0
0
0
0
0
0
0
315.9174040866783
0
332.36392560226653
0
350.09293687457466
0
0
345.95147835761964
0
0
288.3377025593225
293.9675042416236
0
0
315.2865767111574
314.36566618815255
311.91745732217623
312.05193213345086
314.7644354294277
317.62077684157987
312.47931643613686
0
0
0
0
422.65930702246965
422.62957206513397
419.32766589504064
423.7356684850345
455.1577782321513
472.7000270969481
0
0
0
0
0
0
0
0
0
0
0
0
0
0
0
0
467.9332220143698
467.6860732617371
468.5580244293101
0
0
0
0
0
0
0
0
0
0
0
0
0
0
0
0
0
0
0
0
0
279.3735882659661
0
0
306.0327291098134
0
290.6671010820652
292.1640267988226
306.8356031360059
313.1252642562797
314.33672421593616
314.46261389929384
313.4258021968937
315.99753841846075
0
450.63313546712584
467.3890175210447
462.56416426465256
461.05857054080275
478.82345920579246
515.5771602012023
527.1751815237653
0
0
0
526.9464001588414
0
0
0
0
0
0
0
0
0
0
0
0
0
61.866718840121464
0
0
0
0
0
364.85769880095603
385.9827068192024
388.5275974321611
386.5654838971239
387.5942790551599
0
385.0889481579037
0
0
0
0
350.32639749730686
352.8041601626848
350.9176644888003
350.05622091732783
350.95134630418534
0
0
358.39402652448666
385.2916118142275
398.44945892151935
399.6420254555466
394.101033692917
391.482316324659
392.19362782175574
0
0
0
391.17487851553994
392.3077619870483
391.0611588566737
379.5230351915354
0
0
0
0
0
0
0
0
0
0
0
0
0
0
0
0
0
0
0
0
0
0
0
0
0
61.65574128747142
61.57489809250622
0
0
0
0
61.04363940345343
0
0
354.7139682751288
352.20787906559235
353.8636440685316
349.09795327599807
0
0
0
0
309.73686536828836
0
0
0
0
0
405.3028126837851
416.0624883883289
413.236012151288
426.1166902514824
450.1509826011311
0
0
0
0
467.1684291120112
468.2905130416256
468.88158155087547
469.62582587739087
469.0476706738298
467.38343557351874
466.3983032421704
466.08121642033166
465.481750860582
465.6369290104494
0
465.7460395966866
467.7811384629262
0
442.4525164249594
0
0
0
415.53484513250567
417.6996867883357
416.4048572880494
413.90712060541955
0
411.9861505863154
0
0
409.814967857538
393.89835500407355
0
0
0
395.6257832959622
0
390.18317574715957
0
374.40714008019245
0
0
270.8274402248048
276.9744878586362
0
313.47759893800946
0
323.1854037158823
346.11851302900607
350.21884939510176
350.1285922863425
350.66165124987526
349.9027093606583
349.9364457314428
342.68190285624024
0
289.03477483228335
294.3344546924518
0
307.67552303018863
0
0
0
0
0
0
0
62.419316565053876
0
0
0
61.91452863680155
0
0
0
0
0
0
0
0
0
0
0
0
0
0
0
0
0
0
0
0
0
0
0
0
303.09441613435024
0
300.8357436924519
301.986541171006
309.14556541017123
0
364.86696842335283
368.0052410667839
359.6227740601903
378.81874561721196
407.0327011739115
417.24760653115743
413.3641687150749
410.6990441484993
412.931754698414
413.7885894136013
414.4036307747845
411.2552837452215
387.48740596981065
388.73721985933423
405.8434598117269
388.7790903777988
384.3267580002993
385.54159613938117
386.337569410589
386.9223105774994
0
391.7784257696236
388.5686859946167
377.6835608576502
0
0
0
409.28422714007615
419.3967818370583
410.24554334929746
394.62031163936587
396.75742765198936
406.6590943964028
410.6730042117356
404.2795944412223
389.1839304542514
0
0
61.238265846401355
61.01328913936583
402.71904433039356
395.7960029190606
0
0
386.54172953814873
382.7860368326082
0
375.35132889935375
0
0
421.7329092134802
417.5161486275465
405.89572209223684
403.8572098304154
404.3539566566959
406.0548417891294
408.19475784445467
408.90837615035736
407.0258072358541
397.2869346067889
388.6418462019867
371.86461399412457
0
0
0
355.1287531695534
351.1832441515676
362.0912706459616
378.43988991945116
383.9324727729987
384.3677361567783
382.1418211084679
376.98554992776997
380.51837984531346
375.867448070651
0
0
0
374.2745630365109
353.7789773496997
349.2466373714101
346.8564427234879
343.52296135221314
0
288.44960959708663
291.3883432418039
0
313.4496916145435
309.4161464917082
0
0
0
314.4455434720534
316.5101099380546
306.71756208505394
297.9783849063633
0
0
0
0
0
0
0
0
0
0
0
0
0
0
0
0
0
0
0
0
0
0
0
0
0
0
412.8750003300338
411.70614595827715
408.24953912609084
408.50962886623137
407.3863045731464
403.28619306574376
401.5985621505059
398.7516174514036
395.31140044096196
389.7568990833625
385.9911720954227
377.507850905693
0
0
0
0
0
0
0
0
0
405.05347208891715
392.4364156631122
0
0
0
0
397.0715809544562
394.86545914603823
393.19829535222374
389.72643230820404
385.45236317258633
384.2123594335823
384.2264592401482
0
0
411.96423342525304
405.11337373160416
392.2270128873623
397.2706302254138
404.098443186706
409.02080209841176
414.44070630279276
0
0
0
0
0
0
0
0
355.8777014144366
370.164727479774
386.4926306318691
392.82194750034967
390.14225533063507
390.31706548114937
387.55388261340505
383.44674192821174
0
0
0
0
414.32130256868055
383.506529443094
0
352.92307765618466
351.93380600620765
0
283.85665226294856
284.3737696880729
300.3226000322597
0
0
286.9485973979579
0
0
0
307.3961845668812
0
0
308.4139209209603
0
0
0
0
305.12016339937037
306.2679303940974
307.1279034468008
312.43467241615656
315.0770142715334
310.9440607800756
0
0
0
0
0
0
0
0
0
0
0
0
0
0
0
0
0
0
0
0
0
0
0
0
0
0
0
0
0
0
0
406.06004398424545
404.0444821301093
0
438.3303016369735
468.4604617049753
469.80309408234666
468.2506537025512
467.3092527471663
470.22827986972146
472.3620392674537
0
0
0
472.8778396161654
477.26162701664043
469.45158076533284
461.5552126884299
462.8700134452421
0
460.68508918675286
468.9231237731025
464.62551245676246
0
0
0
0
0
411.5303349295207
399.69184012575255
383.5898977900252
0
407.97880685532493
408.1949351182991
406.5125370958666
405.7359599246461
406.48093708438745
409.66807381130644
410.5859785962957
412.2126365331192
403.81888891966076
0
377.27257851599074
381.678080386732
387.8060926276646
384.1110896395748
373.1733341061648
0
0
0
353.8684849741525
345.52287731805006
359.2879247859216
384.0258568499164
387.2058902534749
381.3855468893846
378.55421375270214
384.3624780227162
386.96432172104863
374.8299767730679
0
0
0
0
0
0
0
0
0
0
0
0
0
0
0
0
0
0
0
0
0
0
306.39038898909723
306.1191967622516
306.887376997482
0
337.5912270515131
342.7993438525556
336.6927428054458
336.72367004928736
342.581908792674
346.83128753163703
0
0
0
278.24781176397414
285.2094223186606
302.52565044370783
0
0
0
0
0
0
351.7952834630128
341.866880365112
323.7056981880688
0
0
0
0
0
62.22543243459271
0
62.12699710702288
0
411.0162931605033
415.22150168613064
407.0634601663317
437.39871303841534
453.03385137566687
0
459.04763477938735
458.3839519520473
458.547716550432
0
455.022888960651
437.31400054863184
0
0
449.6040272924454
439.9597697445873
425.6483832664262
458.3937065023181
472.9405827393348
469.4449548139101
469.7112897670346
468.7822209701104
472.2391758842765
473.4910455674995
471.6538091263055
489.5168834812198
521.720014557379
532.4977238540304
0
515.5032756506776
517.3587374281376
511.04424637717267
486.5859848054489
461.9116458082318
464.9479693946122
468.00648764497043
468.96344768505435
0
466.3886821752002
0
463.1169300916031
0
0
0
0
0
469.191811595754
0
469.1050161383978
467.60635932996564
0
469.3070543181912
466.2028826070622
457.7253037253042
426.5969987940208
0
0
359.1200712203849
380.60126390532395
384.0528757648814
374.2351485083355
368.9159817417327
359.4443050653945
350.694546980776
345.5727746081046
338.9179497876012
0
327.8767486015013
296.4234750036713
292.50814602357036
0
315.8767958160124
311.36039460255256
309.58906888491947
0
0
0
0
0
0
0
0
0
0
0
0
0
0
0
0
0
0
0
0
0
0
0
0
0
0
0
0
0
431.3096904333716
430.475366417987
423.41797986895585
441.3605240630195
469.65570587496416
466.173728414861
460.0957610410085
0
0
0
0
0
0
465.5132877688476
468.24902686281894
464.0638921694452
0
0
0
0
0
0
0
0
0
0
0
388.0889716980731
380.0037956840427
374.0856548429236
387.2852692513812
405.4602912551236
409.80962856904165
409.8244007705555
412.6313948598083
413.8131196187426
411.9051076354989
412.8200465833242
409.653040383863
402.4392209063366
394.70035356022277
393.8171074812214
395.0254013489779
394.6653010852095
391.0349205537059
377.30731519053165
0
0
0
354.5772772168263
356.5439848650072
352.15908839208333
374.46307875216525
388.6767012942142
382.6362846852566
383.024830662456
383.85569806030855
376.61032672819084
0
0
0
0
0
0
0
0
0
0
0
380.1136395731818
356.15136569653714
0
0
0
0
0
0
303.17511610291444
0
0
0
0
0
314.0789579395074
311.2252040902404
310.5627419132379
0
347.7728362410454
340.21050908542577
340.60907396531974
340.22668799754746
336.2208518319982
0
283.68159363998774
0
0
308.64632781334984
304.7100563526327
305.35274046880727
309.8772633640832
305.42628202422225
0
0
0
317.4064924574612
316.1473645348804
318.99983826181295
349.1875655842739
353.77751775634533
350.4778118086867
349.17315934703413
349.4119246245043
348.88144725111033
0
337.642545007404
293.2991657477175
289.2718615868946
300.818237216042
313.87244729185863
0
0
0
0
314.14661987851326
310.5317899967223
315.7111242835934
0
0
0
398.4291270585967
420.5755065243311
419.9749239236999
416.554709645217
430.0606308255949
456.1545280448313
474.7194317026072
467.87083841193356
0
467.7328924899638
472.45559275471265
471.92980025445644
0
0
0
469.5066307469228
468.5689112069574
0
469.5654598057456
0
468.83057517979154
470.0803499715783
0
469.2714901051362
468.8577575252703
467.0992503392762
0
468.16565889375505
0
0
0
0
0
0
0
0
0
0
0
0
0
0
0
0
0
0
0
0
0
0
0
285.00611204307694
281.0735760931359
295.02526734520757
312.86033903334805
313.2469276588566
311.57695689324714
0
0
0
439.59125663066976
463.83147738701496
474.99267844448605
467.7990161290861
468.9270949135348
494.17187221470806
531.3895387178774
527.9698773576982
524.0879975075087
516.8591729144908
520.3860550469487
0
522.5781979314033
520.6228408255174
518.7054356109234
520.2565748406862
520.6634273388505
520.6153795824019
518.1063458462994
516.8108028879061
0
0
0
0
0
0
0
0
0
0
343.70039129149455
348.3966340674773
376.7636109053923
386.1984197164062
383.6583716622866
0
381.07205368351543
383.63762828647907
0
0
0
0
0
0
0
0
0
0
0
0
419.9017919889732
407.96294955160846
391.0759345982143
384.923834810294
384.8225446107867
386.97969893982963
386.87727969698824
386.60728839856637
387.29376309507535
387.73149006887206
387.12207226120177
378.358380283094
0
0
0
0
0
0
0
0
0
0
0
0
0
0
0
0
0
0
0
0
0
0
0
0
0
0
0
0
0
0
0
0
0
357.416349262789
0
0
345.26735110788167
0
276.81827975169654
0
301.2363191363303
307.5098125855409
0
0
0
0
0
0
541.7769337747773
542.1975545716637
0
573.5703649486429
593.486402532927
589.4285051434626
585.8767572142257
589.4364406179147
583.7917874728986
584.1089170554504
587.7565072294435
582.2493035486154
583.5905166816518
590.5844969755367
582.2247763069472
576.3197110280281
0
0
0
0
535.8048667671204
0
0
0
558.2391147009185
586.9695722253097
597.248575282484
593.3574158714158
588.9658725615648
590.6451584044811
582.5580052411916
580.2294017026701
582.2267991331462
583.6537548745265
589.9022608819685
598.3870291997824
0
637.6022808999348
633.3486335195162
621.2585645317016
618.611499965459
620.0224714455904
617.9604884019504
0
0
0
0
0
0
346.81539701840006
353.739570442737
354.1955915305286
357.80974137222495
382.3083145913025
390.9570651446568
389.6458760895214
393.2095657418889
390.01596285348285
389.14167833680375
388.41726197646693
388.2256834298022
388.3234002890379
389.665082835605
390.1428483495014
0
392.533061461176
392.6366369425967
0
0
0
389.88564749974023
0
388.42940746405725
0
388.03462067123394
0
388.03419937517765
0
0
0
0
0
0
0
0
0
0
0
0
0
0
0
0
394.51664120868554
379.57306197766223
383.0588492809397
387.86512807383957
383.0462894880751
0
0
0
409.0549089692869
407.9108639752789
407.5331768873443
406.8610945246868
400.378334702582
0
423.6359397424905
420.3072783506875
416.6413718793229
430.4834053426885
452.1933424806924
463.04000585906726
455.5167882674814
456.4157013861508
459.13246968701344
462.9918467335049
440.0059153153015
0
0
0
451.06653511480965
435.78507028061426
415.92337983928303
409.4008457494791
406.8060578755509
408.76083070358027
407.89075788742485
407.3409264268179
409.049934873487
404.825821127603
384.35413192587674
0
0
0
345.55866757599983
342.85137905727714
355.0780158108927
378.72029548080064
391.59700878226664
387.9063150399002
385.60949734512053
384.5820454429522
0
386.976337746928
383.24979220030485
0
0
416.8832711423042
416.59080164188777
409.87717569466736
399.6588610780383
400.918593897205
405.7206302938837
405.0732624007197
0
0
412.93785199823157
411.2763594337542
407.24372982753437
416.93786042191766
440.5492298387006
0
464.2347262663373
464.4321456486134
452.0778847051062
427.81816190933233
404.04009536907733
403.3146546577826
407.0994369943633
407.3404841695632
407.01608521395997
407.40408569302696
398.10732971208785
0
434.6886728044722
433.530355886835
416.33578238695753
405.7141990695399
404.1743518287174
407.15601632477956
409.2671637887085
411.6894286138859
411.6202421187169
405.91440771089594
0
0
0
61.75215942303006
0
0
0
0
379.8199958053499
387.66708744101413
387.50532829646954
387.6125429952603
393.48843996346045
395.5003780360167
0
0
0
0
278.9582867999565
286.9330828594179
0
0
0
0
0
0
0
0
0
0
0
430.01039266316747
424.01013566951326
413.8878873087442
433.8988758589568
450.61160851326036
0
0
0
458.79850420016305
467.94988614307096
440.50685340210526
0
0
0
0
430.1839166124103
418.1168467125264
407.5102577814186
402.03438534343786
0
406.937963941954
409.0683215647558
409.8539467710597
410.692088113364
408.6628516045443
407.3564057332305
387.9271207527289
363.8638112217794
0
351.4456669681966
352.75183996854923
359.2815274411413
367.22303541493625
0
387.047937467812
0
0
0
384.5750307045405
382.41832638601704
0
387.3337959949755
395.0919701116784
375.2726031712258
356.8333480686102
347.9593368787157
345.33063379421776
347.80508335233486
348.390808902965
348.7210299827904
347.2427360824819
345.85796514243975
348.55304209688427
348.99517763231495
349.9355338948714
348.44649238152783
0
0
61.16571945555605
0
0
0
0
0
0
0
0
0
61.0400142031898
61.36058523246891
0
0
0
0
0
0
0
0
0
0
0
0
0
369.5695183300949
362.29937435243096
0
376.8582790827423
0
0
401.4772788959943
401.0162836726446
402.00688703049144
401.13481453903717
0
0
0
0
0
0
0
382.45378598793275
391.73597704133925
390.9253161349721
0
0
0
0
0
382.61842138808
372.86788666827385
353.12552875760394
340.89608993335617
0
0
0
0
290.6482298559122
0
299.6491826451038
306.1607444829
0
0
0
284.1323681115102
270.80947483583117
0
0
0
0
0
280.87248216015394
0
275.453207547788
278.5968336836767
0
315.55054154850484
0
0
0
0
0
0
0
0
0
0
310.8504252919804
311.6198543587911
310.5835805618714
312.19392183318894
0
0
0
309.60587566683944
310.0051367176711
311.4038032065312
312.4131668594821
309.39249730613614
0
0
308.6345994324674
309.4387895932619
0
0
0
0
0
308.7228077836126
0
307.85749987909634
308.99946011567306
0
311.8103931516921
0
0
0
0
0
0
0
0
314.7126994122294
0
0
0
0
0
0
0
0
0
0
0
61.880782441898255
61.61875087968427
0
0
0
0
0
0
0
0
0
0
61.68120411722577
0
0
0
0
0
62.69345602323696
0
0
0
0
0
0
0
0
0
0
0
0
0
0
0
0
0
0
0
0
0
0
0
0
0
0
0
0
0
0
0
0
0
0
0
0
0
0
0
0
0
0
0
0
0
0
0
0
0
0
0
0
0
0
0
0
0
0
0
0
0
0
0
63.2412975726331
0
0
0
0
0
0
0
0
0
0
0
0
0
0
0
0
0
0
0
0
0
0
0
0
0
0
0
0
0
0
0
0
0
0
0
0
0
0
0
0
0
0
0
0
0
0
0
0
0
0
0
0
0
0
0
0
0
0
0
0
0
0
0
0
0
0
0
0
61.626546965813716
0
0
0
0
0
0
0
0
0
0
0
0
0
0
0
0
0
0
0
0
0
0
0
0
0
0
0
0
0
0
0
0
0
0
0
0
0
0
0
0
0
0
0
0
0
0
0
0
0
0
0
0
0
67.78347265553518
0
0
0
0
0
0
0
0
0
0
0
0
0
0
0
0
0
0
0
0
0
0
0
0
0
0
0
61.96056238100397
0
0
0
0
0
0
0
0
0
0
0
0
0
0
0
0
0
0
63.33154287895303
62.447799929197515
0
0
0
0
0
0
0
0
0
0
0
0
0
0
0
0
0
0
0
0
0
0
0
0
0
0
0
0
0
0
0
0
0
0
0
0
0
0
0
0
0
0
0
0
0
0
0
0
0
0
0
0
0
0
0
0
0
0
0
0
0
0
0
0
0
0
0
0
0
0
0
0
0
0
0
0
0
0
0
0
0
0
0
0
0
0
0
0
0
0
0
0
0
0
0
0
0
0
0
133.7437510170622
135.68715811213028
136.56588533689128
0
0
0
0
0
0
0
0
0
0
0
0
0
0
0
0
0
0
0
0
0
0
0
0
0
0
0
0
0
0
0
0
0
0
0
0
0
0
0
61.58664862710093
61.77661909343733
0
0
0
0
0
0
62.559881753576825
0
0
0
0
0
0
0
0
0
0
0
0
0
0
62.108332454832734
61.26211457063893
0
0
0
0
62.9950764456176
0
0
0
0
0
60.423590037115964
0
0
0
0
0
0
0
0
0
0
0
0
0
0
0
62.605158226154145
62.562478141495504
0
0
0
0
0
0
0
0
0