0
0
0
0
0
0
0
0
0
0
0
215.18339967553356
223.65111605913282
224.03310969717748
226.16570497457897
231.51192910039595
235.64251909344566
233.1491470630762
229.8789449932093
231.23371881341478
233.1743606019478
234.0945661849659
229.77080083063095
227.94595506526753
0
0
303.992803806146
322.7886524194291
0
420.9881338797495
420.83421932502404
412.58865773455057
0
453.3950257495154
468.5408299406158
468.89746490714623
465.37644115548164
467.0829207746867
0
0
0
0
426.2059896453596
0
467.4716381393357
464.67283250301125
463.82462860924164
0
465.98437178575915
456.8769836991744
420.84865784684246
0
0
0
0
0
379.2164252933256
400.9739659282025
0
387.5691991020006
0
0
0
0
0
0
0
0
0
0
0
396.41046756248136
0
0
0
0
0
342.62379263506466
0
0
0
0
0
0
0
0
0
0
0
0
0
0
0
0
0
0
355.13014122348477
352.2708274892681
321.57331642669726
336.64749032725155
351.1744746814137
0
0
263.05636640797934
289.7490095237999
313.4008257500444
315.42716151766143
304.4946303461752
308.6213301446212
315.5790470723198
311.2099988313367
308.09223037657773
309.6343820549297
313.5395484605041
312.02171259304885
317.2612364277028
331.5957634855647
347.77804693002656
0
0
348.9901002692487
348.9752475118581
336.31248964107033
311.9701564119232
308.7281708061823
316.4344492751058
309.54282133114634
304.58562379068434
315.7395071920919
0
264.31824500973687
0
0
319.25658239928515
314.9837757323765
329.47815051429393
350.45817751786217
0
352.11733873151695
348.73352442904195
346.9590405702354
0
332.0184075808328
0
0
402.53579526479234
426.8817544851691
429.22275795347844
423.1336971029132
436.2156508415466
459.66326775900257
467.52462858032374
467.55163368239295
0
0
441.02875961077865
420.36779276736945
447.65986764592344
427.9370878768573
433.7498479658509
441.0534680852374
433.6065205157672
0
429.6562774820908
438.44872235317297
458.1935807177589
0
468.20937439225906
0
466.6766911843697
0
0
0
467.36526933310347
466.5940084285571
466.51529103785043
464.6468008364575
0
0
0
0
0
0
0
0
0
0
0
0
0
463.574415430189
467.18405154311733
467.91239268799484
471.5051236153961
459.78974818166625
465.4422316618691
0
0
0
466.56452584245613
0
0
0
467.1607195333378
465.2509495780637
464.9502914919783
464.93050355566487
0
469.13353869567635
466.01715705761444
464.1089378889882
465.47588846570676
465.02601841354726
466.1089478483123
466.46089565991576
467.88719552270675
466.35303532024955
0
0
0
0
0
0
0
0
0
0
0
213.6992065273426
217.96985506763278
222.06161999480173
227.9285822738187
232.23152321739326
231.79525569112354
230.2142555225885
229.6551274587745
231.39344472899342
234.22463094497022
235.4149302296296
234.46967726309438
223.8635891373321
224.8750467589107
224.15519920096838
0
316.42620397446393
0
0
0
0
0
0
0
0
0
0
456.3974659198367
0
0
443.4220207078562
428.0680375772754
0
0
0
0
0
0
0
452.95879866783815
0
0
0
0
0
386.449495885317
398.21669953225575
393.93008885084186
0
383.05918199628337
395.77382983544
410.58125334799234
0
413.6770986403635
0
0
0
417.55812677323064
402.91821240186005
388.09621907681844
389.8255426840997
386.9954969375333
372.44871910706104
0
0
0
0
0
343.68322627726866
0
0
0
365.8370624543982
387.9206346415667
0
0
0
0
0
0
0
0
0
0
0
355.745428487034
353.00715627375945
347.55186918851416
340.2418333385055
349.39667456801857
0
0
0
0
304.41609101229164
315.5606141197064
308.7069874098164
304.842681582938
309.6895197804202
310.790154351458
314.39713678074315
312.62591308064407
310.65986598818034
0
311.2648764186411
339.295696765654
351.9228780881199
347.5939077878741
344.0829456156641
348.5282179458173
349.2400396414876
327.3264359300763
306.9901509974585
308.7852257256884
309.0799202198287
307.81812815703057
313.0780805548518
311.68515915616456
0
0
0
0
312.56013969300375
315.7355992488739
312.3179360694728
313.3547572540986
324.65213672564767
0
351.66933871358907
348.20354773144527
0
0
336.1379247160244
322.72151173765656
312.3205809771793
311.0778457432034
0
0
309.97625964909656
310.0885520278988
0
312.63840412131026
0
0
280.8067429814304
0
0
284.27029558398516
0
398.85631413301013
422.0972667611715
422.09130917981554
420.4621870911061
421.8891678796029
434.1415560514935
450.5613177289449
462.82267599135224
468.3447149841131
466.52167303422806
0
467.99398798107995
467.5734622544402
467.16518295811466
0
0
0
468.417231331978
470.69728725416985
0
466.89268792356495
467.5717362372206
466.29683629644853
464.81451876506856
465.1718527148659
464.1611439909276
471.45106777883035
484.9941989034071
551.8225052207134
0
0
0
0
0
0
0
0
0
0
0
0
0
0
0
269.96234099369633
277.2680822885096
288.6847745746412
314.23087663429453
305.1962335153121
0
0
275.470135123449
0
325.1757810200677
315.7245612845496
306.4539989690297
311.13675368310163
0
290.2936283209224
0
441.46519226558036
480.81984530076545
488.31053674846123
473.6501279843719
471.1988891380793
495.01569733974975
0
529.6020782065362
523.7503408474214
521.8539383868929
522.7487780017443
523.490079703355
523.1090743586043
522.7795405455742
522.0523946582924
522.0398118092262
521.8933742879624
522.0776746321374
520.0139709700245
523.4117651743042
524.655495624635
527.9723995605555
510.26793551929023
0
0
290.7259947586093
355.75129937312045
374.01685908214796
0
360.8885676353915
364.9071395085425
0
0
0
0
0
388.9356382619419
0
379.6370267480394
0
341.2433625327917
366.82909129329374
350.78700659855406
348.2788636270081
349.40904147822516
342.56993229431134
347.7789531447755
380.1057158862122
410.2417128318047
416.45196860304793
399.91391201793226
391.0098726837918
0
390.6854143594054
390.4222604546721
392.42976894324624
0
394.1725821744611
389.52625714329025
377.5808143136517
356.8052224493208
349.7855691171464
347.770872813275
340.61735770928743
342.29347345684164
351.8117077210794
356.22213517630394
350.65456993367894
339.49003577187807
338.29599051548
351.04029097796206
354.98172729762257
350.2821268822646
347.98903211093693
351.04013852564947
353.74932573990395
333.29485794401637
318.78663093331784
345.18646513165146
352.58405405027895
0
0
421.53194641419157
0
416.1263674404281
0
418.8415355984151
418.00291900258713
0
418.67613242967695
0
0
0
0
351.5021440119765
349.76210020562604
0
346.13752838366986
341.45994802391704
0
0
309.2663540703402
314.67402255640934
309.831376426007
309.34661498004425
312.23954846305224
308.1285593670556
289.15994949396156
397.61083164097147
422.7753300682921
423.96483910208957
417.97078883173754
0
0
444.22664400049985
466.714389655759
467.3232562641882
462.87966243745825
460.9243346040365
463.7411420817455
465.87550885094373
467.74883850309294
468.70995344975415
467.7531044076897
468.9622256973832
465.2778233481564
468.3031223144544
467.5914335181311
464.9281815571249
466.32123900456077
467.0760239872069
466.8466624073215
464.07537992418503
449.80899656391557
422.856399873016
422.2631962644303
412.45088976670417
400.61714207936126
416.8486925770907
428.11265698717625
417.8557213663566
403.0147266808955
414.63900868558284
419.4920511976298
399.7065947912943
0
0
0
387.67188569933154
394.056023003351
389.19694503049925
392.9535002648138
386.6632866507478
375.0819695332047
0
0
0
0
312.50605162312024
315.2867820986662
312.8277316262058
315.77084104682183
328.05208089433677
0
348.34799315034337
0
0
341.2086860413796
314.2858774403211
312.57819375467045
314.57823922237804
313.57515795661664
309.6746585245442
308.6343313603998
0
316.1873210076716
313.08202358902497
306.1241157180968
308.48565426786587
313.1389311807656
314.43755483042617
309.6423159033792
307.1094973164508
307.55929595643175
308.5955303846901
312.3489303689363
313.2665859353879
0
0
0
0
0
0
0
0
0
0
0
0
327.4577412191541
0
0
246.17601644222123
252.00649989678053
260.830519904977
262.00453493405996
254.60449354527583
247.7394032326825
0
303.7349457226158
307.6900210958892
311.10723076391105
310.77922179375867
314.7493989863731
316.8732715529146
288.08874472074393
273.0897300084518
355.6002321420027
383.8075237255033
383.5740722348933
378.4099791023013
0
0
0
0
0
0
0
405.9384711189881
403.8852732156273
396.06905708800434
392.9456502260549
390.21935534194233
0
390.35283367736815
389.1549450076147
391.8421500297875
392.2637227063807
385.0233123481281
0
402.0310679868727
401.49698166281615
0
0
0
0
0
0
415.05121924190354
420.6191622852367
417.62713241999506
411.2495684904217
409.6872889359523
0
0
0
0
391.90486345774684
402.6866899121307
397.7037429042259
385.78696767141287
393.8224949559766
383.5604960947659
360.77754198858077
0
401.21260584680556
417.3667660562104
0
408.03736905499426
413.7860735773447
424.95325461660747
0
407.83859296839887
400.4591097530438
409.1642655336109
412.90297307222266
401.16582471927006
386.9059274677957
0
0
0
0
0
0
0
0
0
0
0
0
0
0
362.7704476724359
357.1750614877791
351.4135401594293
348.9610773580873
327.7479085166756
305.48352273846666
305.1298367693431
309.39148956849704
312.3091198722177
311.10351526317817
0
308.369924685905
305.80175900137084
308.9117093446432
316.31058626728276
314.8005941805648
304.3129893189845
297.33876044468553
301.64856294005136
315.5473211343882
319.63323667447025
308.9218383217126
301.4692088439178
304.12874900977306
315.1570038677694
314.49546000807635
305.96508736474976
306.1646668790048
312.940581310933
307.42188405694077
310.87742614397536
0
0
0
0
0
0
0
0
0
0
0
0
0
478.6716819887729
0
0
407.2187932201306
427.9816007037964
418.91148105243326
412.0127211165144
418.59122842198013
411.70838094880935
396.76931699370243
389.54765726969674
0
386.9979339201257
0
0
0
398.7915357727963
0
0
406.0586332128821
401.6885673623632
0
0
403.7248120391406
414.0337771046567
0
0
0
0
419.4574384110194
0
384.2438969946712
396.8399711553568
392.72071087844944
0
388.6342510761037
392.77034511918345
0
0
423.8473851863188
417.080930914681
407.19598021472535
416.4857003232364
428.81733009487186
417.98286004695734
396.73778517232046
410.03527413712044
425.90032095511384
412.4733702141772
411.1533141023984
418.98380365205577
407.8400099238848
0
381.95358660574914
366.8034434052755
360.8130320055917
369.6496964536494
386.40208678625476
0
395.2142422229042
392.01916896167074
390.7273250280996
0
0
380.0344926579652
372.4995119931782
398.4601876418245
389.9401731221757
350.3664132103121
345.9910694792375
352.0265923510954
323.0873102357495
311.9811308641912
309.7518641307412
310.66944514626834
312.96375416320484
295.12438924625934
0
0
322.2496786427399
321.2421550695743
0
0
0
318.3808302784804
315.98765774488766
0
301.77743106877006
307.60184065752037
317.03198027624217
318.5511537945114
308.85811849704277
305.93206927240533
312.03262110304246
0
0
0
0
0
0
0
0
0
303.6964969060286
0
0
