0
0
0
0
0
0
181.28626816001568
174.3855392241187
167.3697111948062
0
0
0
0
0
0
0
0
0
0
0
0
0
0
0
0
0
0
0
0
0
0
0
0
0
0
0
0
0
0
0
0
0
0
0
0
0
0
0
0
0
0
0
0
0
0
0
0
0
0
0
0
0
0
0
0
0
0
0
0
0
0
0
0
0
0
0
0
0
0
0
0
0
0
0
0
0
0
0
0
0
0
0
0
0
0
0
0
0
0
0
0
0
0
0
0
0
0
0
0
0
0
0
123.23953828916106
124.68172214790597
127.16371799720716
129.21571341718504
128.55245211336972
125.98172971596358
123.96493923341828
124.29802759168717
127.00090682204933
133.79792458345443
0
0
209.08674755949164
242.15719651031023
268.6177198471533
279.8484461040848
285.7231100179893
284.8596006592733
280.6528832300636
273.8928184228387
270.68063530039404
270.85740479326955
0
0
0
0
0
0
144.5862662979491
137.82293318631235
135.968222242948
136.6668959608404
142.70809350344308
159.23381662818247
168.3792524124685
166.70792187265295
159.49407980286475
143.39024963327805
136.93419966028299
134.14905871596633
131.32678311299904
0
130.23722482666284
129.40031492676644
127.37237941317302
125.75632556698608
126.48806701710797
129.97842165348254
132.0153515350577
130.6704042541581
126.74447523018276
123.49476462737711
122.46027929386578
124.0287113888035
128.37372922669522
128.92833693070742
127.4330619157451
124.96292993516187
122.48481238482631
120.8195736080765
120.34752989638923
120.7467797368247
119.72419921505565
117.86720220946594
114.2929885507078
111.31653620216981
109.83148845783322
109.0321359491355
108.85733102673255
108.83808574796319
109.33940435463671
0
0
0
113.2430511281724
113.63488074397648
113.78148359936122
0
113.2019195124221
112.9365219342214
113.32300917182606
113.66703693996455
113.8903449522334
113.55319854235958
112.43625130677293
0
110.29494745450296
109.77135721374546
0
0
109.53389646138825
109.27948319651058
0
109.69831179762373
0
0
0
110.95668310286908
113.3576247273689
0
0
153.73640764976594
149.5316506805578
142.89715342252944
139.4643156011236
136.92921924002127
134.56751612040924
132.11651063318797
129.9478304488391
128.519949962601
127.60787050307673
126.85104297481787
126.38926892752633
126.61917559438965
126.50059217040729
125.47225617595882
124.88830409550437
124.35555771726527
0
0
123.83551683754607
123.56877242775684
123.52592887286932
122.8214843928783
120.44932059846637
0
0
0
0
0
0
0
0
0
0
0
0
0
0
127.20381809672372
126.69894865842876
0
126.01289220569534
124.7934517912231
124.03886518654696
122.3041274394296
120.96291590519405
119.93416874050976
120.81016865344664
123.1521153956927
126.87235074397708
129.6260860738815
129.96071230632475
127.83206871774777
124.40622570352703
122.48600924668436
121.17083479740437
119.7979504077105
118.67120694498894
117.9059964743402
117.4907776582058
117.5574093622833
118.16153029775661
119.56167020857278
122.00667320309422
123.2742517845835
124.16662623207083
124.1747959854503
125.60683935896967
127.78989751126832
130.57457700657795
132.70924483590989
133.32623396803993
132.56781451614748
130.60860556941887
126.04235181100115
122.89201987172056
121.12386475880434
120.7547638073048
121.52536021399939
121.59639231450315
120.77553272902648
0
0
119.88441099874206
118.90500444526174
116.43118268754507
0
0
0
0
0
0
0
0
0
0
0
0
0
0
0
0
0
0
0
0
0
0
0
0
0
0
0
0
0
123.688958486602
123.29079565580113
124.46721129641992
126.98443036963059
137.37778062461064
143.24146430769645
144.21344945094464
140.1364434586408
133.81797291118227
125.97050052357632
121.30899614300574
119.71299488125962
118.63642429840183
117.9164811803681
117.02073641557257
116.3404672551327
115.43423342381183
114.80034886166364
114.58504699808145
114.75508823355963
115.9711345642581
118.00168637043177
119.68962773114998
119.86379531697756
119.60329463218682
119.44012574876771
119.99145084966261
120.86150473891641
122.03111542083816
123.8447808225073
126.74739257021182
134.72387803476178
163.8444895620218
173.05087282291407
172.73198880604775
161.50875251499085
154.04915576255726
150.2802436393339
148.82515752190238
146.15293918022476
139.78390266287659
0
134.30967354667723
0
134.0644493060549
134.62621826000114
0
134.91795997857264
0
0
0
0
137.1323739809768
137.99290569656225
137.95615939528798
137.330492168551
136.25383312782822
134.93175937311534
133.00101995925468
130.56041523066978
0
0
135.41818662434628
134.48570903494834
0
133.81763874777158
133.6720955322877
136.73620780761237
142.0504489016867
142.9411906566052
138.80326274196986
133.59683767043754
132.13348083021987
131.61990577254073
0
0
132.1482006190725
133.047467635232
133.42308108952147
132.12982265756673
129.86759098761786
127.65154773817568
126.63207119543725
126.55679208372226
127.77442851065953
128.54600406030323
129.6030071929577
130.57860325731832
130.43917451698792
129.33870967816335
128.06931350299456
127.51985476134209
127.51354156849439
127.47456175791385
0
128.19571412126405
128.39748138486337
127.73052894738288
126.77946021340404
125.86565643352891
125.076622616888
124.10709494073673
123.25910190193981
122.67121146548308
122.64953063928766
122.48761837939163
120.83553878456014
0
0
0
0
0
0
0
0
0
0
0
0
0
0
0
0
0
0
0
0
0
0
0
0
0
0
0
0
