0
0
0
0
0
0
0
0
127.72610515203739
0
0
0
106.518504455535
108.90835309162172
0
0
0
0
0
0
119.06754571073277
129.95511072836655
135.96658363545862
0
132.9642315101927
131.0451259377881
0
0
0
0
162.70448791449172
0
0
0
0
0
0
0
0
0
0
0
0
128.97651299696508
134.1108606621623
0
0
117.66387896760891
0
123.44571430697161
0
0
0
0
0
169.22153977591495
177.38707983978745
174.52943527297873
165.98757280865456
0
0
0
0
0
186.07033229479595
0
0
0
0
0
0
0
0
0
0
0
0
0
0
0
0
0
0
0
233.9404938293704
0
0
0
0
0
0
214.6829893638806
210.49474788199694
207.93064179905724
208.94498292713436
209.76093746852928
0
196.01236797785026
194.71193702329114
200.38759218187298
199.33829428017907
187.35201778604704
176.80924436144497
180.58950876191676
0
0
0
215.80425032878904
222.5071543427104
226.24065993694205
0
201.29905656393956
0
0
249.00395195189617
0
0
0
0
0
0
0
0
0
260.1472896147134
265.56584880798323
257.5047306701202
0
0
0
0
518.4122206332856
0
0
0
0
0
0
0
0
0
0
0
0
218.27032839573434
223.69334681021945
0
0
0
177.87682379282884
0
0
0
0
158.27596338213206
160.478260395883
165.21827196807945
162.65390286488235
150.91987446881691
150.74371695383203
155.86117243423448
158.53023744814345
0
158.24213109050342
0
157.50742829493657
162.23581953471268
0
169.13660576941817
162.26398714891536
159.48530054656328
160.05827929113605
162.51259892653238
164.38991349058233
164.02874373809
161.1153194988623
160.10400686672298
159.54163817667023
161.3878217720884
0
172.06427738645658
170.59505955204492
0
0
155.5442220741831
156.63817027942991
156.61878407756313
153.8009670113456
0
0
0
0
0
0
0
0
0
0
0
0
0
0
0
0
0
0
0
0
0
0
0
0
0
0
0
0
0
0
0
0
0
0
0
0
0
0
0
0
0
0
0
0
0
0
0
0
0
0
0
0
165.08164055373652
172.17055093485317
173.38276925257867
162.90061824544586
156.32678519811336
0
0
189.65725089473818
0
192.7467054685424
0
0
0
0
0
0
0
0
0
0
0
0
0
0
0
0
0
0
228.67891964677793
231.54563849259017
0
208.58325788120385
0
222.40230913605137
228.36121686875572
222.52280928306158
235.81701633245373
0
217.55934003230237
0
199.15621237261107
0
215.15284323055099
0
0
0
192.0573755272163
193.46720036665815
196.0868032379297
202.71231317940845
0
0
185.71709267876147
191.25697504239284
0
0
0
0
226.83594879060104
241.96040613928756
247.95368079991007
248.57627742904236
0
0
0
0
0
0
0
0
0
0
0
0
0
0
0
0
0
171.79006732972027
166.33830025418465
0
0
0
0
206.83742189163195
209.71402800953544
213.54302328860484
218.7276807952623
0
0
0
0
221.36522247688305
215.1549923187548
0
192.52304347083734
196.11682373480772
198.57349003466788
195.55244229783193
0
164.77910538322223
168.9207891616611
170.41638060642381
171.94412365953778
0
171.17581578365443
171.44640213273718
171.5627434194236
169.413422643287
162.93390748519505
0
0
0
0
0
0
0
167.30739408863346
171.68844638610267
178.10682869847926
179.44475476763978
178.72456667670593
175.90115180873002
169.4885952601045
169.0221849770791
176.41615366636609
181.1835935353409
180.56419798494966
176.71035244731073
169.45985426247591
165.50031920383233
0
0
0
0
0
0
0
0
0
0
0
0
0
0
0
0
0
0
0
0
0
0
0
0
0
0
0
0
0
0
0
0
0
0
0
0
0
240.36035521256966
0
0
0
0
0
0
0
0
297.6906552979433
275.74818324465286
262.10018889029163
257.3387989361107
260.1373194382975
0
0
0
0
0
0
0
0
0
0
0
0
0
0
0
0
0
0
0
0
0
0
0
0
0
0
202.68660847641934
207.58671926349103
216.12933208534412
221.62987502145364
223.32568005038576
220.84242774634984
218.56789365942552
223.5983084860861
233.21732609505315
235.7440332338174
228.75281997671277
224.1937765700584
231.66392412028617
250.1535495402824
251.87082683021333
242.1164219049564
252.2724777572881
0
0
0
0
491.9690768161488
0
297.0539060706874
0
0
0
127.45889567499113
0
0
0
0
0
0
0
0
0
0
167.91150129674043
180.39078427208892
0
0
0
0
0
0
0
0
0
0
0
0
269.7851890386403
250.0226472333745
253.88626851158483
0
286.9220549625743
0
0
0
0
0
0
0
0
0
0
0
0
0
0
0
213.69171250521177
217.7626448408929
221.733200532135
222.0650435895409
0
224.44645806478067
220.70354715233134
218.43542373490646
211.2776631012599
0
187.3186409302414
186.02159126264124
0
220.34763651359862
221.0117001540364
0
153.1224403907371
0
0
0
0
168.31398274589841
170.41806433479303
175.204011790788
181.94596602519962
185.81652605481872
181.1898491593911
172.7104232502245
170.03104150297094
172.82116751704447
179.26803683547078
183.7396010376383
182.35810977507265
175.87309921638757
164.13821594752625
163.76997103923944
163.10408595705258
160.5887977660745
160.58325339838416
163.07653384449551
165.00990951018193
165.67911415984378
0
0
0
0
0
0
0
0
0
0
0
0
0
388.2971770437872
0
0
119.64467374590211
119.92258019027005
0
0
0
0
0
0
0
0
180.84137844367575
182.47626859576272
0
0
0
0
0
0
0
0
125.30898482801894
129.20819399209626
0
0
0
0
0
0
0
0
0
0
170.89233413090938
177.7181272871763
182.69641112279737
181.87980146727256
0
0
0
0
0
188.78972655733645
190.00230620348742
0
201.82448943458215
0
0
188.46893055838575
196.940256567654
0
0
0
0
208.77447996421952
0
220.38134736825725
229.8896274269892
0
226.348813700711
214.622372450165
207.78162978585567
212.12757610957456
0
0
223.68057232038962
0
209.10295665221454
214.73275883247442
0
0
0
189.71889107320277
196.637739094176
0
192.02067947721434
192.20794440212154
192.01621804925526
0
0
0
0
0
0
0
0
225.387590106647
0
226.53391530829776
0
0
0
0
0
0
244.6692972077725
257.26820488734603
264.13088797081593
269.8399103089664
264.489107822442
255.59250994473786
255.64016138734962
0
0
0
0
0
0
0
0
0
0
0
0
0
0
0
0
0
0
223.25695073050724
0
0
220.01391677954078
219.31251131725972
0
179.98050742765338
181.03383781660335
188.07478695330192
0
185.3910306611035
179.28921432927348
171.16834482838436
168.99064246950329
169.69616447458685
170.69677464204773
161.6379692027621
151.63382557442367
0
157.44897127232346
160.1316652662092
159.2858456414034
0
151.48444661881283
0
159.06774537365212
0
0
170.33829979228193
169.3919587592154
168.78219535332167
171.67176392349864
176.7915844606324
180.75434100147254
181.5820037167935
173.35828032798025
168.45224695364405
168.1954982868869
174.81253500312047
187.28110161654055
0
178.24682834174976
165.59011504254784
167.29909294907787
0
187.15883583198402
182.3405885429864
0
0
0
0
0
0
0
0
0
0
0
0
0
0
104.10191045690851
