0
0
0
0
0
0
0
0
0
0
0
0
0
0
0
0
0
0
0
0
0
0
0
0
0
0
0
0
0
0
0
208.21069758849075
0
230.606757882211
236.9690926860995
240.56924293168336
243.85015669948868
247.69975946026233
253.50425864537442
261.86799977991575
269.7050898513341
271.14101190513986
270.3740247097762
269.5571080582884
269.05314565957656
269.182817943783
270.1326875884751
269.5607663716461
265.9916202266263
253.5752790181523
241.1275836618985
232.09813010616602
236.33466355241097
244.29051967150585
244.16912723473646
242.87578053417155
240.97194345923702
236.1170447588428
227.74844858258407
0
0
219.88603739471466
221.33650367757227
222.92318132669638
225.94165138618789
233.34844888767205
239.9662321585369
243.4730173714439
242.56858608578085
242.16064071472115
237.99030236094407
243.7716701945763
238.05136785121678
234.2819067495047
233.22555551053614
231.77346258305718
229.89828854959637
227.51272390491164
219.56460197944634
0
0
228.6452304123844
230.00884011686279
228.2513828709528
226.7389844810684
227.4608073339282
228.8308186633571
225.03250597865951
215.1041908151744
199.65075395236298
187.86076822354406
179.4584905582223
182.92778206881908
183.0262188279072
183.0229003189365
182.58548399840933
182.28457149433558
183.3882972608865
185.62325462882367
186.6516823381585
186.491190873985
185.86178283437673
183.4960463457898
178.35091756711037
0
0
0
0
0
151.80162858337133
0
0
0
202.30175829869086
203.13005275838734
204.61249408755612
211.39702445489553
221.12419636087355
229.85860481544768
232.96835274465593
232.14404780602183
228.67690858044583
226.94374649762736
227.0784917106047
227.91628353397198
229.9544315180907
230.100607311569
229.44814327892627
230.26657554739916
230.48425740704994
231.27040081110619
231.24745191209342
227.9312054309597
227.55002618615165
228.13347736591288
228.83002363816087
229.87702320617277
230.57458707062142
230.0008490619266
229.04811309095265
228.24612921734726
227.00345633863094
225.7481854744792
225.54149018677867
226.22985231569632
227.36182327149135
227.3783628826983
225.02691107652402
223.1292455490741
225.70434153331715
226.4806483653163
224.6019345816032
225.29170966484475
228.83143977871345
234.39838360255078
239.1367944479203
241.03029348786205
242.34533229541253
245.21657289929334
246.83096839226548
242.63735942974415
239.1272400637345
237.12552009769712
238.40444871392583
241.72574426517687
243.44132469564028
243.79477675024384
242.5205800989878
241.6357420254495
241.96673731232835
244.68648484439595
244.74113733080435
240.33149436748732
231.1050138065249
0
0
0
0
0
0
0
0
0
0
0
0
0
0
0
253.02437468587806
258.53108706161515
266.2518045621961
265.02313329683193
261.6245972773041
262.0734409601293
270.8083575514951
286.56129660365536
299.15339292721774
301.63710047016275
296.36413505151774
293.5537099137857
293.93220661281254
295.36910076000066
297.84357203301073
298.7863386272407
292.98878713967787
284.44299981954384
276.8887969807071
274.1530816638052
271.0757256710275
271.24671591350176
269.182934846492
269.7741465307039
270.8125032876065
272.08325710765143
266.9316201383061
264.77070378570653
265.0064161031794
272.05519500683846
272.12727612764525
269.95208258180617
270.48277750468094
273.4577545246649
270.03832399563896
250.68976561457015
228.48268819255446
0
237.4966691629059
238.551644716353
239.91866305019659
244.22517557144403
244.61250955409568
241.8155962475027
239.59463148039862
237.2559293913348
234.54033053080406
231.16411183000707
243.70212553401555
240.05576893442833
235.76732598087108
229.86831297025805
226.7906131849042
230.36817483719778
231.76996480389192
227.13483383681626
0
169.117857705027
165.883530837257
164.88141637123508
167.63540946624576
171.42723052777225
172.8254644143114
175.86418214092998
178.3712314396035
178.832623919816
174.96935878415317
192.04426005413282
209.6817440022469
212.8328289962193
211.86690942816574
211.08380451982188
210.2521803992097
207.30851561350778
197.63099710155547
0
0
199.33957119313877
200.6150107383333
202.26633303011124
204.7369812271073
206.26467179721377
210.44317317522706
220.73482002282842
232.6849059345886
239.91751692297865
237.1942953689717
232.62688399956485
231.75441416579443
233.08235449222104
235.93043966345925
237.57589526998342
237.40208119583028
234.5559662381875
227.00853350858407
214.78153711002358
0
253.04313829256296
254.1470836131377
255.2317631127748
257.5640359064201
258.76312687263817
254.78376539227256
239.71666458392266
0
0
250.61256047527425
246.1328548610625
240.67823626098618
239.25035987470716
242.52953277123942
248.186789698904
261.13163796863967
262.5408409100998
245.15446787873424
0
0
270.8478769360811
271.083966528749
272.11244476305603
271.1328870628072
268.2536752704609
267.3030702498089
266.8818639626361
267.8069238856821
269.86311454060433
268.7508295958501
265.53886251935
268.49059351575823
272.1091358836392
274.9112382667967
277.34979523356566
275.7442313930006
267.73104552654985
246.78879054388543
0
0
0
0
0
0
0
0
0
0
0
0
0
0
0
0
0
0
0
0
221.27893310796293
225.89715671830376
231.64264635662454
231.88443752161194
230.8498738869066
233.5672437042553
243.2023484199097
255.55771363006457
261.2131330073694
259.1824378190769
257.59267283753377
261.7927808684165
266.34123030519225
269.4147065630982
271.96429367881217
271.64729243816754
267.1100303727643
254.2739060626543
237.80301719445532
0
236.20747904367622
237.76948105699734
238.5605544787458
241.85435079037097
244.5878383906997
242.8849309118422
235.69860620061976
211.63918938071845
194.88388297876995
235.70177941034987
233.68488754235932
228.49635713904854
227.00858280205293
229.33606843884664
234.7313663696896
239.5733536052776
240.78116165360015
235.5237618698405
230.6138686127294
229.38482671779508
228.65980281766778
228.47866952898931
227.94476713991767
225.976438877845
225.78282061052494
227.44105152319065
227.90777131393554
223.57468872126185
235.9219098896633
233.7604309905322
230.44940147524753
228.77490034593336
229.9266953280717
228.82212322538464
226.92837184710123
219.53199329148563
204.43871214247125
192.74122270858385
0
173.88095826868113
173.48720128117526
172.53805190211187
173.59778395334263
175.553474652407
178.555226671434
185.72320236352408
186.94786882319585
184.27899277343684
181.89449384557523
182.11725631020153
183.290501571479
183.35940896148293
182.72001711111142
182.4129611240396
180.65475281191368
0
163.24801334907409
181.63705547560784
0
0
207.7072427587169
208.3245263713764
210.02849901276917
214.27045241402163
224.17359868269926
229.10591401593473
229.62368773960378
226.96535654128496
223.60733951802945
223.9618283202398
225.46762364228096
228.42529250603843
230.1400329851359
229.28806734953852
229.31891336880676
227.4631781465299
223.45463791699586
229.007208599937
230.94581295309672
230.16816975658227
228.16961800803765
229.04308977517428
230.39348785983933
230.55503641998752
230.53303453348752
231.3772913263172
231.470810790284
231.03838040618726
231.3769145107879
229.34241788303
228.56148812182695
227.673982837384
226.47755011980917
226.65613722889708
226.94199708583625
224.71320852688996
212.4304665874003
228.93732731491812
228.56034661909138
228.32100519846182
226.07805981073582
228.14794284395322
235.08432133889426
241.3842546890566
241.7267153175565
241.57144900099644
240.8922125458281
242.0717380900498
243.1790075873785
241.63012783609074
239.39813014454614
237.99208526155016
239.5322338744233
240.48938415681317
239.17787226293348
239.22108688364233
238.46243594073016
240.29786254753034
240.87406227859478
235.70602748380097
228.14742266531755
0
0
0
0
0
0
0
0
0
0
0
0
0
0
0
240.5286051339229
246.2968556577345
250.09747119421863
266.55903657106165
273.76884301493493
272.1587142023874
273.1364028626003
276.6390316679174
284.4799994568686
293.4676053102445
300.89388818148143
297.5640492593239
294.21425915081005
294.8668824079256
297.7787748899956
301.5904690835975
302.51231535775025
296.0363705241074
282.4896872233417
250.40115053096167
255.352057102359
257.0763272259234
265.70353308583276
271.2562578010045
271.162502697973
267.0371617444537
262.56401612336896
262.02055069696905
266.46739680654457
270.72445679011054
270.61011258890824
266.7696640789702
263.989891277299
263.7382741022758
264.9820183741749
264.4669399483667
263.5450617186757
260.6955305872525
239.8680563313539
236.28081084616753
238.94383357536807
242.86293894288355
243.36775227354636
241.41554850827163
239.57691712743699
238.3736228545899
236.85643010116127
234.2676119203172
230.6456442387983
224.6651749364366
241.24948079317267
237.11277659017372
233.3451806867981
233.52837186381845
235.29166382461602
233.17663906809435
227.30219191769976
220.24371322107237
211.79041600103068
173.762761952135
172.05708522344702
172.16008324496173
173.80904577758298
176.3913129050584
176.76101012968928
176.76043439264137
176.1206854771858
172.9525432348835
210.50098706180472
214.57092792538185
212.9688840900171
211.25323468912228
210.2262271748182
209.7914797984026
209.8006593094335
205.5706039037512
200.8725200196716
195.96232046527547
197.40183886241323
205.14831303914335
207.27439649857445
206.4790316007125
208.4937337635385
219.62930928405115
237.59740848124932
241.5528541681574
237.39981299098537
233.59671251528565
230.9615600933971
234.54267327399117
239.69852481600412
243.8150530349252
243.36743519916888
240.9874323136809
239.67684738171968
239.15426853472445
240.5872135042503
254.76697490551575
263.6265657647146
265.8422700865188
266.1847766346995
265.2077255116342
260.9282098965664
245.05440887627444
0
0
0
250.87821112194808
252.3983647559501
260.5836681283695
274.4882651003551
288.1469908435675
294.20448463882
293.8713871905341
289.6557812943986
276.9050311110942
258.17179865695516
252.03561347661716
257.4292557822179
264.70077244832964
265.2341598015966
264.1523967267416
262.5502190710264
260.5586308710039
263.8926308272595
265.2042990373153
264.0046812141089
264.5451962460607
260.90461252930123
259.28944784682454
260.99867475917216
267.4040554088967
273.8438161579075
273.4774098843024
263.271200567278
242.59732048911314
0
0
0
0
0
0
0
0
0
0
0
0
0
0
0
0
0
0
0
0
0
0
0
0
0
0
0
62.43652907695687
63.91292759847779
0
0
0
0
0
0
0
0
0
0
0
0
0
0
0
0
0
0
0
0
69.31400344835131
0
0
0
0
0
0
0
0
0
0
0
0
0
0
0
0
0
0
0
0
0
0
0
0
0
0
0
0
0
0
0
0
0
0
0
0
0
0
0
0
0
0
0
0
0
0
0
0
0
0
0
0
0
0
0
0
0
0
0
0
0
0
0
0
0
0
0
0
0
134.2207221445995
127.22453591050412
123.56304389112293
0
0
0
123.8831618078373
119.93872634232888
109.12958103796083
0
0
0
0
0
0
0
0
