0
0
0
0
0
0
0
0
0
0
0
0
0
0
0
0
0
0
0
0
0
0
0
0
0
0
0
0
0
0
0
0
0
0
0
0
0
0
0
0
0
0
0
0
0
0
0
0
0
0
0
0
0
0
0
0
0
0
0
0
0
0
0
0
0
0
0
0
0
0
0
0
0
0
0
0
0
0
0
0
0
0
0
0
0
0
0
0
0
0
0
0
0
0
0
0
0
0
0
0
0
0
0
0
0
0
0
0
0
0
0
0
0
0
0
0
0
0
0
0
0
0
0
0
0
0
0
0
0
0
0
0
0
0
0
0
0
0
0
0
0
0
0
0
0
0
0
0
0
0
0
0
0
0
0
0
0
0
0
0
0
0
0
0
0
0
0
0
0
0
0
0
0
0
0
0
0
0
0
0
0
0
0
0
0
0
0
0
0
0
0
0
0
0
0
0
0
0
0
0
0
0
0
0
0
0
0
0
0
0
0
0
0
0
0
0
0
0
0
0
0
0
0
0
0
0
0
0
0
0
0
0
0
0
0
0
0
0
0
0
0
0
0
0
0
0
0
0
0
0
0
0
0
0
0
0
0
0
0
0
0
0
0
0
0
0
0
0
0
0
0
0
0
0
0
0
0
0
0
0
0
0
0
0
0
0
0
0
0
0
0
0
0
0
0
0
0
0
0
0
0
0
0
0
0
0
0
0
0
0
0
0
0
0
0
0
0
0
0
0
0
0
0
0
0
0
0
0
0
0
0
0
0
0
0
0
0
0
0
0
0
0
0
0
0
0
0
0
0
0
0
0
0
0
0
0
0
0
0
0
0
0
0
0
0
0
0
0
0
0
0
0
0
0
0
0
0
0
0
0
0
0
0
0
0
0
0
0
0
0
0
0
0
0
0
0
0
0
0
0
0
0
0
0
0
0
0
0
0
0
0
0
0
0
0
0
0
0
0
0
0
0
0
0
0
0
0
0
0
0
0
0
0
0
0
0
0
0
0
0
0
0
0
0
0
0
0
0
0
0
0
228.775024538514
240.40166930605216
237.83518948139002
234.19121805009172
231.43650923139398
231.455632037558
232.62766695939757
233.29628981312257
232.42867792861568
231.40062996407607
230.3904611563915
230.39383805949882
232.33093729452344
0
231.77308512233313
232.11314938593551
312.0024711820978
324.2175371111585
338.48542039259604
350.0642023195961
350.78502615362424
345.55919282751125
343.6459139863308
363.4007872190924
387.155193752587
0
0
385.91524268971034
386.5054712819931
0
394.17455079713534
391.25558092606923
388.627499977704
393.2533696419012
392.61037818555144
385.9185108664033
392.55837738878336
0
0
0
0
0
342.1669925199832
0
338.89234008378645
353.68572911527724
0
358.52743995498236
353.652552806525
360.49985330229896
381.31217945595506
392.0211268295178
392.4292576617657
0
0
385.1802716130661
375.59217237930284
367.82708489503756
356.26661499516536
347.4932349673637
347.9185384025396
349.1432114402152
358.3369868123423
367.1750349800491
367.915113620229
0
297.468112720813
312.46303216401265
318.39348212106165
314.79245980829995
312.46839230988974
312.02970761273707
311.76760485334063
310.4996275481762
310.4544574073281
308.55787330842116
304.36235481046776
292.57236804076973
278.42495841091096
264.4235284586714
0
0
0
307.6279581377112
0
0
237.76436972857982
235.14706655935498
232.47112742217882
227.7935057525831
229.53310757779943
231.71564276629368
0
232.71757331992518
0
0
0
0
231.03988546666272
0
0
0
0
0
0
0
0
0
0
0
0
0
233.25042277025645
231.11630525468556
230.94338076759857
234.99066862593142
233.48058332846307
230.5158399816099
0
230.59118514679528
230.51691616775645
231.13346931248282
0
233.3630170064519
239.8080609625978
255.01961294095935
0
350.38535760378073
366.62451566386244
360.96451098401354
362.2912713288614
380.01675082492034
390.7707675508558
390.3664807013262
391.6141007494725
394.2839531965583
394.6713000655085
388.4459394324234
384.6486918397236
381.1375124823757
0
0
0
362.1945997180982
366.34304253183296
368.1981144323975
362.54168338996817
363.24465752914074
0
0
0
0
0
340.5439944151331
353.60156565875747
364.81959282745595
364.9831359641027
362.47422351837514
363.6465176416155
373.28217625124466
393.42034737091205
395.62827462507255
390.80886858210033
0
0
379.89777816834066
391.52924349908636
379.09004763809713
347.5890772414268
345.0895618539244
348.83948017930294
355.5865651133055
0
378.35304004279897
366.4204519526671
363.1109079987129
286.4078909081943
300.0789321889049
311.38250383626473
310.40626069902345
302.18811874068336
303.8501894228896
315.9632318501223
319.8223554444808
307.57098347485504
299.5021674830007
302.9740643447225
309.7967975056427
314.2301943026146
315.5560917010282
311.1495906087578
0
0
322.20125994455304
0
302.7127977733334
309.36663307908736
0
316.5563673717332
316.7516440876296
315.50758255905174
325.4409584954163
343.7850348089801
353.9806127287846
0
346.948794487605
352.2950767240919
350.6978214932274
319.79263334006356
331.3827723285232
0
331.93024625686905
0
0
341.1568260712464
346.66300557039216
0
0
0
0
240.25226229160074
235.25012961959848
232.61263964206347
0
230.83689120718216
227.9536272322547
232.24276884502183
239.07864323646345
243.31765964527625
244.81028742354647
0
0
0
322.70539444631703
336.69566724590055
351.6312357573689
364.69444944388977
362.2166219004691
356.04705469697393
356.5508754241906
371.246114426501
384.6712439873171
0
386.77396371898965
389.65966762193364
394.01332750010465
0
388.80914538481
368.3250999191537
0
0
0
0
0
0
370.60627090115247
0
0
0
370.6721856244939
0
395.12688888296674
389.27394275770433
379.33518457050127
364.2851821495254
359.6310516747548
372.07372945177667
387.9280473488907
395.73051855776293
394.9621028025565
391.33409061127844
391.29704295286245
389.7097612200074
331.0109599312637
352.3046391840835
351.5446604220905
348.01774746798685
348.4306791846337
344.82170184552325
0
0
0
0
358.09181170096895
374.1406518170384
385.19474151026213
0
354.0477988038732
0
346.4339421333269
0
0
351.0610251093108
347.9685549747399
350.6624126902394
366.03635022385527
372.0717904140117
356.09630671346235
357.1137181412382
354.1324529596847
0
0
299.6221160290174
301.0484503424481
304.0658857806412
307.38570513178365
312.46581400039577
315.45716288172974
311.7604966067619
309.342987677907
0
313.4771224506634
0
306.46697542952745
318.84125216094304
315.20970271872454
301.0798953209981
316.67028707511054
323.4134211571952
317.0429951050188
318.8575918875983
317.62705311329296
0
0
0
0
0
0
0
341.84320046748076
354.0875475990812
347.06189485154346
335.41383986313514
0
0
0
391.4707554206549
387.80701893474065
383.871368524297
407.1618515154844
398.08658309703
0
0
353.2119565307065
385.2164055516308
392.9814033023419
0
383.68711433779544
0
409.8383725595408
415.79090865249617
411.09716123573213
413.290662296528
414.7297751397621
416.3505186097419
409.408846719418
0
386.48826658647613
381.0413556421585
379.02691575673344
393.8047935299609
394.87283307249476
354.3493706451708
329.01044135331665
0
353.1506036707285
351.23891633034634
348.18751873965545
0
348.02568239235893
348.1454839455514
349.2103893136292
348.4265935949227
349.33734983425614
350.5806434415133
351.70095432005564
351.73845380829016
350.9572142813988
351.66979689048753
352.7673130685378
353.2661859928738
352.689265096308
351.8965913394331
381.45221915592253
0
385.0162895610518
393.3956592416033
0
0
0
349.75199918476875
348.8003205162419
358.42445660536094
359.6798622381871
353.9884530094181
370.11827137763765
392.38000733529793
398.03912928028024
396.32568978043093
392.89181342552405
388.6837064478448
0
388.5482677264225
382.93992206249925
362.60301428276017
0
287.0060521100038
303.7348138144099
0
309.43146567882314
300.90773998662576
303.3050974197904
318.25952256063937
315.42291497976674
302.5514683151963
302.5902978120536
313.4447910727378
315.40449114681917
310.7566155640605
308.54474131633975
0
0
0
0
0
0
300.81653888075164
0
0
0
0
0
0
0
0
0
0
212.1258487856868
215.4157518122773
220.00168681502225
223.92042209339027
227.66273597894158
230.20710712569087
231.7003473341093
232.28770636159885
233.22461860858743
233.43485746378667
233.5894590895097
233.6543421376682
234.12943963750416
239.37460863709842
320.73382937922935
350.537482450516
360.0300867015679
0
345.6560028094128
0
0
0
0
0
0
393.1353749466137
400.20614436026625
0
0
0
0
0
0
0
0
0
0
0
0
0
0
0
0
0
355.6643274760222
363.13408982455377
362.83323542718
361.6887730523866
369.195022459632
384.1645574316219
392.76898052012086
392.27607364987944
0
391.59020621679025
0
0
358.2034109074403
355.098757107324
337.8980044915894
344.9339590070896
358.8255811515575
383.50078344139877
387.535116532241
290.71418981805766
299.35281934549045
311.4051555966878
313.7196119265658
310.9728254306084
310.32727472597264
311.4894210853645
310.55094070973445
307.78263776256017
307.51669036443434
303.07414578286955
293.54555088138875
281.11270118981207
271.4939119039784
267.02623171531303
0
0
0
302.68164233084167
0
0
233.95136500260392
233.34348326719575
231.91825151262432
232.10359842270051
234.2457898241871
235.46278234450898
232.48632228768423
230.19441052043243
233.20702074425498
237.41906764592827
235.74546656718442
0
231.0408888457598
234.08704314758285
0
0
0
0
0
0
0
0
0
0
0
235.43479074411437
232.3074039395139
227.1035172315917
224.5755023170092
226.433613692879
231.2657807183751
232.19761313070302
231.2295513433152
231.42452373134833
232.38247685757716
234.12654179122595
235.48430874265748
0
0
348.942437283457
359.7582853963486
364.8735444521192
352.12422020299266
352.0762820800294
370.8379497647061
388.7532584363652
394.11387038299415
0
0
0
0
0
0
0
395.6128973613419
396.80541797522665
395.1345250942853
386.9026509290996
386.47408377925956
396.06888508027373
397.8810771387672
386.6189575302732
388.45479613348095
384.84134646948263
386.2598943827174
0
0
356.23389277972694
360.98755577898953
355.75338510597544
351.6478814307916
358.26307436220134
377.26807281376546
391.7049302828672
394.89787115266404
393.01963453382814
0
367.69763627090845
0
0
360.9847338883159
375.3943660912839
376.90279852977056
380.02194950880846
365.05677014624973
350.99730204887527
348.46798132079476
348.5342724537833
350.49638168496426
349.87566182716307
349.1739933761389
348.4042750153477
343.51415939274466
322.1078016506129
325.0887307182202
352.1447124923278
349.7178249616039
346.7338472162304
345.2063287918803
348.12091559768726
351.7303578573577
349.40980019862366
344.68717619883023
345.4918170801397
348.7348874866237
348.4284850656852
346.57667512458426
350.327234281017
376.9195765239525
392.4739973122963
392.8217769027975
389.78389802164423
386.40611423585113
386.38220186917874
0
0
391.3219392725488
388.2553584261618
0
0
307.09355956576655
310.7450094223297
0
407.78917972533804
414.9101964219116
410.7138484103288
429.04859689006
461.5129201879302
468.69560305689726
458.3189600950868
466.98667922594666
447.42663282267165
0
0
0
0
0
296.5437359728218
303.6763181713285
307.36721680856715
309.18671822539557
312.9606960638954
310.4444130005484
309.28482230930194
310.67740551642925
312.3499477394336
312.20300595000344
312.2489051188557
311.8770923191529
311.74120361155747
311.18540167438204
310.14114415585306
312.9363002972702
314.4884261451847
319.65378160848724
333.146598928917
353.2136438849367
357.41208070013204
335.01844430644235
339.6116186987367
346.9423155032828
317.13773843152444
306.7438709138325
308.89172068222126
311.0509625694848
309.8290889852219
306.85759096755015
311.1765498766001
315.1562510908765
311.197632435239
303.04104484435334
302.1835911164861
309.3650880118897
314.6910370540123
311.88284875355885
307.3642801375541
308.38030374946544
311.03637367893765
308.9880537897682
0
0
311.9660241564889
306.11015672519255
308.73782448158335
0
308.2836915266599
308.97772136389193
0
0
0
0
0
0
0
0
0
0
0
0
0
0
0
0
260.3817977411628
262.86759207667495
264.17017862072584
0
0
0
0
0
0
0
0
0
0
265.5230929557425
270.1829618293326
0
351.2473823250276
364.74069997112065
357.3290478962278
357.75093024603103
375.72195271213104
389.2626161211843
391.14039393113865
389.978616575277
388.52658503783425
387.7729154512679
388.78322702458746
389.4931019570769
389.6733750273863
390.9033310323159
391.2679001268872
0
392.19226522637774
393.0009451412744
388.5414337523517
365.93009758306937
350.1508692585861
349.48841255926595
350.0778091296811
346.55086295985626
0
0
388.9222946154925
379.07638326241573
406.60620407358175
411.66859993138223
396.1475864181001
386.09578805785105
389.6421533055445
383.34301022850406
352.1461653491554
350.5767610184772
350.83545481048156
350.3979116818016
348.4183469023764
346.06042120337156
0
350.97177033672386
349.83919655262685
351.2367807963491
349.4963810153081
344.2086399207591
344.08115245002756
0
353.3069210921149
352.03194321570504
346.3851991577787
343.15421830574917
346.75620938094244
352.43050534388084
355.8046052720096
354.4975201897249
348.2934598563387
343.6014430276482
346.35797227144883
350.93397157039584
355.705493583141
356.1187313953799
345.9759687257104
339.67312718880805
341.0549071614313
352.863613899932
355.19515449320414
351.6144381701654
345.5239277130684
340.15030665074244
345.81696250151737
349.2413288432835
353.51435168055207
352.38275507628475
350.48587892914964
350.58993098086916
349.38855665021424
351.6589535306662
348.37265317092346
345.2714746263669
347.5798691982137
352.0085528926013
348.3001153349351
349.9801406851867
348.4852339634573
0
345.4471822561858
344.4600914996612
338.88512850491713
345.98528453557725
347.62727058210146
344.5433509823914
346.08785015175374
346.06898781954453
348.9051601211733
348.29111534303394
347.513457750985
341.40938429000363
338.2157829841023
344.5839781416736
351.4667303179584
351.9342645276709
351.46863829242596
348.74730670110637
345.1935859350182
348.30911555939963
352.22914106596676
351.26728965708025
348.2518659963466
349.0996209769278
351.26385727795736
0
0
0
0
0
0
0
0
0
0
0
0
0
0
0
0
0
0
0
0
0
0
223.45141124341754
223.95044874692655
223.43146997889872
226.1014285328804
230.05956481714745
231.36312348467
232.8155018873474
234.31517994304713
235.32252547234316
230.26517552571124
212.02502048284555
209.9083834265419
213.04423026377006
0
337.73207685632207
354.1875159333126
360.30256277982846
354.30043718314437
352.81948233258595
368.6951907278386
0
391.58450915912994
394.1766906155417
391.4892870347057
0
388.6777140797031
387.5338542724034
387.51921235874363
383.8103573425348
397.78950648391293
0
0
0
0
0
0
0
0
0
0
0
350.7694876660446
364.750917059973
365.2522224149915
353.5792227044619
353.5786084851085
371.09612256574565
390.1267524429323
394.28121348575803
389.886155467246
390.2474031907959
392.4271273294334
0
0
354.6237847676831
351.7824501578108
0
348.1994648050068
0
0
0
0
276.33458226282414
288.2427377639601
303.58295952133585
310.2139528431817
311.67669921402126
310.5553913966701
310.031188968636
311.5947511818872
312.27297606529123
310.5290253786655
305.36381367323406
296.5102537155228
280.3648973400342
266.81769016696245
255.98856131376306
0
0
0
0
215.88378729214273
217.7567341989446
223.90019588070646
237.86919975231612
231.98886638861669
225.17061465198165
225.86603528262435
231.44266554712897
236.2388455457546
234.19266736900366
229.1560912717782
227.99560598154247
230.84235487144397
233.36653882732094
0
0
0
0
0
0
0
249.40414513969296
0
0
0
0
0
225.05496028218488
228.81929106835565
228.7036249293356
228.211611755705
0
232.10508522228352
235.50274324386803
0
238.8158672180416
242.6152581711497
0
267.58420495638285
0
320.7848834595394
352.03530665794665
374.9304278998789
0
364.0053469397415
362.8544297319695
374.92749701580584
388.02198198851016
394.00614073604254
0
0
0
0
0
0
378.68419528561077
0
0
0
0
0
0
0
0
0
417.5448891485911
0
0
0
0
356.5922990076314
350.0417788424577
343.66956950877056
351.99234874350225
364.54116772102003
387.47301822291723
0
387.6710438953311
0
397.55980876069646
0
363.25648916289015
369.15894846114657
342.7400973569479
340.49741101122765
350.30061032471843
0
0
0
0
291.8792496066566
313.02390285606845
313.6013059358081
306.61687673305147
306.4239223118835
312.81631983661
319.5122843313231
307.53171517376495
300.59590219026404
305.2512437564776
316.75006213753295
312.16450195575123
0
304.2534573909812
304.7175331861273
306.66801436804343
0
263.5674098638646
274.0194085284946
289.7034610805179
0
322.40316920727713
315.8007379511494
313.8468219032881
321.3709498975117
335.925882049249
347.9276043171572
0
0
348.81062127809
357.0367242780925
0
0
0
0
0
0
0
0
0
0
0
0
0
0
224.77484512430212
224.52354906418034
225.73921503172218
230.39188695388847
234.2972708480125
236.53977020415886
240.90552535471676
246.1022855397258
245.48660502298281
0
0
0
0
0
344.718538365325
362.06084373089396
358.8588531246479
355.03522625802066
354.3856134609698
369.1648002258164
392.1386167962209
395.2588702409256
390.15132014601187
387.5803923033918
392.4387164769872
399.19397271500054
393.18343942304926
389.62337071065724
0
0
0
0
0
0
0
0
0
0
0
0
285.5524187942393
0
0
374.8064552368863
361.9294948520166
349.2459548418449
353.05161796739026
377.09624092413594
388.7194093729106
388.3745027612293
391.0576772976967
391.2042692554777
380.8411757152009
0
0
0
350.72767427243684
349.3290815855863
348.3032162263473
353.00355358867546
0
0
0
0
389.55332469374673
378.5517477413302
356.9888925456772
348.5400243337708
347.69325078289313
348.93826992328906
349.31922062745844
345.1277053728341
346.4228840975878
355.2782314672806
375.13800902874436
383.47122203992103
387.8875318933013
0
0
353.6849611099805
0
0
276.0936500751432
309.1695313917222
313.01744566291046
303.82030234167325
312.6722817926133
314.3022567115509
312.0007097037633
310.4866151770205
310.2445362412759
314.68160721880736
314.2291708078728
307.34405791494885
300.4574911067007
305.4039988533825
318.7078654660017
320.1715885935286
304.30651358358466
314.1204946404814
318.6712579163153
303.43625457933064
308.52966701447264
0
0
317.0486403530899
306.201101026942
308.7203944538509
0
0
324.2826653000983
0
348.1150950431664
345.41327864749474
343.5995031503924
349.62352143090385
371.1755035067492
391.61707703892773
388.4181054008344
386.028471810646
400.59965717511125
0
0
0
382.9770932465152
404.7652588652821
404.5833628756515
395.28625030749544
397.15901925805736
409.19571873107986
0
0
416.40503812743646
418.4753540640531
0
394.8983856504093
387.6696128327253
378.91039221160156
0
361.9937877499296
381.90648027293685
388.91756533169763
374.33227014173406
0
0
0
0
0
367.55123297791357
352.09050227771974
347.57194443830406
0
0
350.1245628147509
350.8996056612279
0
0
348.0660399504217
351.26141649543064
350.8067354873565
344.13898675105554
349.9903242930611
348.3301422001581
0
379.8397079621486
403.23960796367476
384.0949923704641
376.9217045180476
398.6904055760243
392.095788477062
0
0
376.51743775931425
382.95505620309797
367.68813505169317
358.74112938914436
366.0814195599678
380.1382370703456
390.1653837343714
388.5863208169951
391.2027402029955
396.7946476488904
379.5465230590776
0
0
364.55549556487426
0
312.67683077751076
329.21647465395273
314.94786949617844
295.7717096102146
298.66464936277544
313.7633494430596
320.9260383792737
311.16100916137043
301.54305916700105
303.1800535846534
311.38439705462747
312.8538852142557
303.3660247584751
0
315.8230939079803
308.82405055256766
292.6112511277171
0
0
0
0
0
0
0
0
0
0
0
0
0
0
285.81786532849134
301.98483623979985
318.40668758586554
0
295.5264720223153
306.00249445825733
314.19164496934167
304.7190550419645
0
0
0
0
0
344.6770720512894
358.9324987887761
402.63011964902097
0
0
0
424.191462449882
447.366885960827
460.6772865348782
466.90678034352624
465.8842088566308
468.8175445018529
472.4533357639174
0
0
0
0
0
0
0
0
0
0
0
0
237.33881156582225
244.9476888274012
251.12137629726362
0
0
410.7005602230761
413.3747604608859
409.6279562480207
428.9929808814457
454.9250821925744
0
467.44392713976265
450.65573987550306
429.4716821159051
0
0
0
0
525.145832603366
530.72462860623
517.6199965896662
515.0329019040189
525.5697468457449
527.6378543359467
525.3993871249285
515.4557040822966
525.6563742045003
503.6347530240781
473.7420849183336
463.3222244682907
0
467.1556475114919
468.4052292536648
464.9436281132534
467.46879590993126
460.708798055206
456.83650865278616
0
0
0
0
0
0
0
295.3974509074253
308.3068542763717
312.26388991256835
307.89808008075977
308.7658486659296
308.8458455564378
311.7251608721546
0
310.0225719611534
305.91758761167745
303.29087182526996
313.6897076954998
0
0
305.2615178519948
310.28340980104446
0
0
0
0
0
0
0
0
0
0
0
307.9539116685657
316.1795627407693
305.6235191456625
297.7123110342834
306.39431432730595
319.7041778153942
315.217505635128
307.67057914555255
310.9635070130124
312.0894057175712
308.60645313665736
0
281.2095302210385
396.45996551348105
423.6071478954753
426.90261129447026
418.95132516666524
423.74652598268744
449.1281443286979
469.86512315248575
469.3258055900952
465.8077352999138
466.0030914887192
464.38232916396953
464.05462155717726
0
465.6654429333936
471.69528968681743
471.7335984319982
465.92710428306367
0
0
464.6875642473018
467.68373750107827
470.2106156751335
452.4942995556495
0
0
0
0
0
404.93123337563935
417.7268072193025
417.4696421331596
413.0896858584132
412.4130967162049
440.7005938653171
466.98343433495313
469.7917705801769
463.8256357761011
463.2159951463691
0
456.8784718206915
433.92045240653306
418.24669860494544
408.561436031772
409.08599843844297
413.8303725021536
421.4873722054827
419.5208366374004
410.1854172586284
394.4107712681666
0
0
0
0
0
0
0
0
0
0
0
0
0
357.0924714490193
0
749.6343321535586
0
0
0
351.58664756075154
353.3509601736795
339.6144947467755
341.1168992655942
357.31376265104336
352.63489447919744
324.4359265566979
0
347.83272611330676
352.3341696988582
347.30758747745716
349.4284652392045
348.3954992875309
348.5468358933615
349.0755158927161
348.9551669827176
347.34401514184776
349.2882741973173
351.1159917288498
348.76267987791994
346.34586376372766
347.75433515003976
352.0866031341066
350.5144958728601
347.6545972468213
358.65295928113187
386.06149973547804
396.1373500589592
390.26384304831856
389.84035639082833
396.2773272305625
396.3729393226804
396.6665462682249
0
353.82568751673836
0
465.48043686910427
451.8099713640749
0
0
0
0
0
0
0
0
0
0
0
0
0
333.4968394136779
311.05798709416695
312.00111619788083
314.74249613264146
310.86257538515673
0
0
307.1705218735632
314.1430727213348
317.86405584647747
314.6512013415409
306.86885201256797
308.57583020219244
310.0661306956096
314.87381299040646
315.6610147980451
310.45985051149773
0
308.673740453032
313.969924663506
312.15345327095156
0
0
0
312.6730286363392
0
0
0
0
0
0
0
0
0
0
0
0
0
0
0
0
0
0
0
242.67758941409198
250.47331392737416
260.7338289700276
264.69206466031216
259.31847369837175
257.93093558897897
263.1140078332152
264.53680950949996
259.5948182587971
257.88562904244463
263.4347222860686
264.4239303842229
258.4685003381281
257.2824785759575
0
356.68073703820585
0
0
0
0
0
0
0
0
0
0
0
0
0
0
316.68555281675276
311.35322803190957
305.2196945020308
310.9723527505294
312.5872890529039
310.1325914355938
0
310.4520305410166
307.8272186338568
0
310.51897855932253
428.0488898400481
437.008051663831
440.6398315142181
420.2344535465656
0
0
0
0
0
0
0
0
0
0
0
0
0
0
0
0
0
0
0
0
0
0
0
0
0
0
0
0
0
0
0
0
0
0
0
343.9460194851049
0
0
0
0
0
338.9426782345241
344.0434981302778
0
355.49492465667043
0
344.92924032539906
345.54546151466866
347.89761215163225
351.87252234696325
0
347.34529734456595
345.43705582985444
346.13549902725174
350.03965058706115
342.88570130436074
331.6266546048138
335.4536090321684
346.2505898447024
350.53961373275087
0
347.67679230664646
344.6147322707035
0
0
0
0
0
0
0
0
0
0
0
0
279.36988777409374
285.91935722650913
305.9637586000682
330.85042580860306
357.99882596617755
361.53510601070263
355.0359971953359
356.99664441724633
372.98328092368826
390.77093725768066
394.8086159403043
395.1124748637999
393.86765002270187
0
0
0
0
0
0
387.890479860621
384.0570455198364
0
372.4697471687622
389.81436928917157
388.09436508332647
357.09813194056886
0
343.78727433847735
315.32738299009077
309.99732820067885
312.5703882992947
312.2119547414233
307.30508550325743
306.91203428763765
314.25946766335306
324.47446455993366
312.7039223716616
303.6975520401546
304.79926098184825
312.3525250928582
314.70244889914346
311.416448283769
305.7849595259389
302.7795232729944
307.9579907801559
302.74014358875706
0
303.47855843183123
0
0
0
0
0
0
223.1886787379653
223.96545142540245
226.19347863842074
231.5367393395527
235.58575472645092
233.16048775522873
229.86174931427007
231.10742260250817
233.14033815607723
233.95405747402458
229.25986392748356
227.69358583299376
0
0
0
323.5239776202376
0
420.1597254206953
420.70347273912324
413.4979318706065
0
0
0
469.0784306019736
464.99229316797596
467.2152979726226
0
0
0
0
426.6282172009327
465.0783276748863
467.23437149566445
464.5708330324498
463.8453766880682
0
466.24135273398133
456.8706344351596
420.5163318906204
0
0
0
0
0
379.48867135192745
400.86940974885874
0
387.4068078186053
0
399.122899442322
0
0
0
0
0
415.725456194457
0
0
0
396.26502239909087
0
0
0
0
0
342.6967110053743
0
0
0
0
0
0
0
0
0
0
0
0
0
0
0
0
0
0
355.0089382973864
351.97736821266415
321.6714391807758
336.9393623425702
350.56458114680265
0
0
0
290.7358430971528
313.2117635078958
315.35915529310995
304.530998010672
308.73467359601227
315.4284628874933
311.3228057477692
308.0734319731142
309.61380878486176
313.52286853868316
312.0021324354919
317.35218593192496
331.6250703748494
347.79209352399363
0
0
349.0586130057693
348.80516789568907
336.22070581557836
311.77742126982116
308.67481287961795
316.3006958052674
309.5367048028643
304.59435424223284
315.93736716048863
0
264.3229227461261
0
0
319.26122717740026
314.90232576041313
329.47929522173683
350.6484024522158
0
352.23097669453074
349.00101290199416
347.02338685809707
0
0
0
0
402.40924823878964
0
429.0695595680668
423.16484584017957
436.18647760676146
459.39425076096944
467.64433599256137
467.4705215471516
0
0
440.70834525595336
420.84902338546954
447.9736629544624
427.85532272344284
433.7832852948072
441.09053339248084
433.76086787119596
0
429.9386873875193
438.6201272956388
458.3301065888571
0
468.2344872337098
0
466.56189175016635
0
0
0
467.47305926051854
466.77459191574
466.8502104685275
464.58485537088075
0
0
0
0
0
0
0
0
0
0
0
0
0
463.61659482937614
467.20799342531814
467.9192002194949
471.50266639746116
459.8097167008507
0
0
0
0
0
0
0
0
467.3188928044583
464.9603877023114
464.40733758141823
0
464.2674892510774
469.0201717836404
466.0318302257994
463.96988465290406
466.053081840189
466.112692729632
466.40134151507874
466.11744978442243
468.1013130400749
0
0
0
0
0
0
0
0
0
0
0
0
215.04674701836367
218.26082570107155
222.03367868441322
227.89191072878157
232.33633542052502
231.76860596866885
230.24595108888593
229.68918993412248
231.4508574701528
234.1629454122115
235.3907266941206
234.65790399624842
226.2140102585872
0
0
232.59938105056608
316.7204192295046
0
0
0
0
0
0
0
0
0
0
455.8681622961819
0
0
0
427.75676073747877
0
0
0
461.33968166046554
458.3057239858215
461.02613411577533
0
0
0
0
0
0
0
386.5868053069034
398.22171483722957
393.695267618119
383.28532889958944
383.06567000325
395.91574184414515
410.3237649930606
0
413.5930287765404
0
0
0
417.76018862857205
402.812099631013
387.93554443559736
389.56981990459974
386.81763865166914
372.2453743205176
0
0
0
0
0
343.7222592687052
0
0
0
366.06560094227495
387.8479470740081
0
0
0
0
0
0
0
0
0
0
0
355.50912853860973
352.7451760207234
347.243037688845
340.11492884078933
349.12312124619285
0
0
0
0
302.9945911758097
315.3036243297058
308.4361558045984
304.97741747281776
309.73827777682516
310.72132614073377
314.3004822492731
312.60262948383604
310.5137867062521
0
311.21743242065224
339.4634982901487
351.85219870205054
347.57035950800434
344.00980698446585
348.508087463061
349.2002283993878
327.06313104741037
307.16398533029326
308.8025253046769
309.02603177825733
307.74481258192117
313.1156093756514
310.938456709516
0
0
0
0
312.46323571217647
315.65546280008374
312.2679583064736
313.27127961636984
324.6585519389173
0
351.65696816296884
348.3163007794857
0
0
0
322.40169904675406
0
310.999229130244
0
310.32208607817535
0
310.0519246244411
0
312.61315101106953
0
0
0
0
0
284.544312447362
0
398.81768833628087
422.0348538138536
422.1448387732024
420.4006549239092
421.74444802629375
433.8650527755869
450.2409192208606
463.02251115063825
468.3543764018103
466.64953395768816
0
467.97203815970295
467.5176237522385
467.0765311004644
0
0
0
468.301190226431
0
0
466.92553710183677
467.4767135919686
466.255931716735
464.84944238463254
465.2729738312546
464.22615786714033
471.58632139360384
485.10658133530137
551.8924873162543
0
0
0
0
0
0
0
0
0
0
0
0
0
0
0
270.38244972672726
277.4994338631949
288.59677674976473
314.2060407157135
305.2882321187304
0
0
275.7023811674864
0
325.37333678145296
315.7272350417335
306.3387654921869
311.1054067852792
0
290.3035250506222
289.30031752467823
441.64132472307233
480.83989185883576
488.1451524449211
473.8137907967904
471.2811598712469
495.5514998912565
522.981982793437
529.6870698280474
523.8150566832928
521.9494735919129
522.8952284530349
523.44006617021
523.0380855395551
522.7597887411541
522.0288162344835
522.1070372145458
521.9443734060175
522.0024051301039
520.0478473942101
523.24221856672
524.4924933979222
528.0096607792693
510.25785268730704
0
303.4358592440381
291.31887762563446
356.0636001404222
374.3571438349294
0
360.8628649409971
364.93186237461157
0
0
0
0
0
388.9635093799228
386.2097410549263
380.33267933286413
0
341.1819401295561
366.82741855028047
350.68129694024094
348.07518529088327
349.18021074678904
342.4912400061567
347.7578842626293
379.75022793801975
410.4821248281916
416.74153534941877
399.9200776181172
390.88295984010585
0
0
390.3799586652929
392.1770215133215
0
394.0354019522278
389.5158535539821
377.6072157845687
356.7369708676108
349.7847336272456
347.7208091502888
340.59413415070753
342.2440496654326
351.83943972030545
356.4765573195944
350.6088113275074
339.581974699876
338.50026771062835
350.9759619829315
355.10145587808915
350.37036938457044
347.95480347844915
351.21229935210454
353.4212499387184
333.3598551133816
0
0
352.8724255509874
0
0
0
0
0
0
0
0
0
0
0
0
0
333.44716524105394
351.68170969937887
349.8846267891892
0
346.21202151347495
341.53921915076245
0
0
309.2668241572897
314.69944214530335
309.83352932687876
309.3284117259686
312.1498608380574
308.41947949159413
287.9834811246479
397.89377775230275
422.6547181579759
423.9127356217239
418.05166355324184
0
424.72982113590666
444.41960789544106
466.97309139538754
467.30631003245276
462.8372485770652
461.02102859008016
463.7396316074847
465.8285720882467
467.8464562027728
468.7600306025047
467.84279898099226
469.0801621810783
463.6761961309512
468.2551275409587
467.53914616688434
464.98805244195603
466.09194444131276
466.8596383050367
466.81726522322015
463.55579328901604
450.13847110382574
423.2756767520303
422.74136432951536
412.5500458158906
400.82397418139874
417.1878130526142
428.1739232946373
417.7850449973249
403.0370428822062
414.9574089496235
419.5368698906631
399.4748358946796
0
0
0
387.59343741967734
394.12251398986075
389.0763655908102
393.08535315308296
386.5485283398403
374.52553179272564
0
0
0
304.7256057255979
312.50822310929686
315.18923809247866
312.7471787293184
315.6133804601864
328.0716709471897
0
348.4552693938085
0
0
341.15430735914225
314.3043724296677
312.69170030926387
314.6000987561232
313.6956338200441
309.7197152071232
308.73286352735465
0
316.19789452748023
313.11193787945876
306.19451862459925
308.52209664290825
313.1345794584897
314.41543349742267
309.5670197707633
307.16558610353894
307.5750575142357
308.683794598549
312.427345435638
313.9243860122151
0
0
0
0
0
0
0
0
0
0
0
0
328.79975337520557
0
0
246.3041292899672
252.16595438156338
260.86127598559096
261.97680124819635
254.32481843576255
247.25416364724714
0
0
307.3859053724183
311.0764272262281
310.7088442258389
314.8219222722508
316.811420077981
287.9549671296786
273.0599038867316
355.8058414455745
383.8516971932952
383.6011426601855
378.5801078420143
0
0
0
0
0
0
0
405.5395378162258
403.5777348136322
396.0563287177078
393.0210000037391
390.110318360349
391.99141936454737
390.46897577181915
389.3890028676742
391.96222482315204
392.3346820476835
384.88605680039376
0
402.09680912946305
402.69132430442886
0
0
0
0
0
411.2607311713816
415.1085431708186
420.1717686159051
417.06327082514997
412.6204637691509
0
0
0
0
406.24436813651675
392.01550862627295
402.7440552025533
397.60703275761637
385.8393282202843
393.90228952009267
383.5236846849948
360.80598073094103
0
401.55679332851344
417.4922148138262
0
408.20034200753804
413.708180073993
0
0
407.76155342488545
400.4732840203228
409.2150005587538
413.00627346183666
401.0431917214993
386.4395101225221
0
0
0
0
0
0
0
0
0
0
0
0
0
0
362.7972315838475
357.2088009414937
351.40407819133117
348.8903109787715
327.5740902725736
305.517752901886
305.1530276037297
309.4837447552183
312.3567302941015
311.02165039985016
0
308.2705712035498
305.7331724852112
308.865831250239
316.4077215394683
314.63979135476586
304.12221115676334
297.2846597075667
301.6393274302205
315.58247339035637
319.65364278693437
308.9375355383375
301.49408547844564
304.01934102838123
315.3109502963324
314.45940458824043
305.87348255681366
306.1079632270365
312.92216657278396
306.8074210378597
311.6414406481806
0
0
309.6758016727535
0
0
0
0
0
0
0
0
0
0
479.56015757341225
0
0
407.39674314647124
428.03466901669935
418.72722857861606
411.9129786579078
418.7044072860252
411.60933781468407
396.8136036187605
389.3536611702491
394.00579851245203
386.6761329706675
0
0
0
398.9412867289117
0
0
406.03932377251556
401.8858295290542
0
0
403.796704791206
414.11442957270964
388.12529422417606
0
0
0
420.54180883719187
0
384.0836496222732
396.760529185045
392.6161754224077
0
388.69358139690684
392.8101764430471
0
0
423.8425993532081
417.1267600707921
407.2172015736291
416.5989431259987
428.89564693019486
418.0631924251851
396.81679175719546
410.2693289910217
425.99346006240415
412.2334927415641
411.4043549209554
419.1849169877057
405.69340841163614
0
382.02226610529476
366.7584444572373
360.6895762707816
369.40375968107287
386.42927288567734
0
395.23029056453333
392.0615632430979
390.8479917689072
0
0
0
374.28122734636065
398.71135681504336
390.24460678910714
350.5382436212552
346.18578547465575
352.16008249195164
323.11418123916746
311.93709990097614
309.7031712456888
310.6129863409579
312.85307000447233
293.3666191520172
0
0
322.1572556187485
321.0535910293657
0
0
0
318.23298618079684
315.916306497212
0
301.9438552131913
307.6270897459543
316.9819364675505
318.73658699769476
308.91895387720194
305.9549224617175
312.0593858332591
0
0
0
0
0
0
0
0
297.54285657408303
303.5612063329835
307.8574330297998
313.3675495988887
0
0
0
217.27048404180525
219.21885821391814
224.192510834955
229.77347013620067
234.1832088178468
0
231.15670806499372
232.0022916908759
232.27774471425067
230.76449733551743
224.58901066873406
217.92574725177792
0
0
0
0
0
0
406.2254909100423
0
0
0
0
0
0
0
0
0
0
421.1967029228565
0
0
0
0
0
0
0
0
0
0
0
0
379.2426117299272
407.9548882536329
410.7726248106628
395.9828045854271
380.83985256156205
0
402.2699002884327
0
0
0
0
0
0
408.49100118315164
0
0
0
0
0
0
0
0
424.8063767657772
357.2009668991968
0
0
0
0
0
0
0
0
0
0
0
0
0
0
0
0
0
336.2323143188232
347.4487942534871
349.1557968299106
348.7981998089166
347.70502888634724
0
0
0
0
302.16252871316726
311.3290251730008
307.5907530883868
304.67287341023007
310.7840806608129
315.0090151366534
311.0730498308933
307.4556637972071
307.8952720527151
313.3548933401248
324.34266521755626
345.9778468929958
353.0224872597159
349.14442447006905
346.2032258290576
343.93645984875553
0
0
0
276.25550790858216
292.6491226300727
312.64288472490335
310.149899153161
312.7328498225502
311.0471126569084
307.5013324291554
322.71485449800645
357.2987108150778
354.50898993163696
344.9101415589183
339.5434856075568
346.7312873297761
354.96954854566707
0
335.4439212360936
343.8036233457875
352.0751353149193
0
0
0
0
398.0877068443159
0
416.61531703691867
415.37074779672486
430.45209177324773
451.85863538897956
462.151528207388
466.16107525299157
472.12198293091615
471.3409277184166
463.70257617985254
434.72265449254917
433.54598313747283
444.0141912400044
0
428.03522668714606
423.43756408054946
0
431.004572969068
0
0
0
0
0
465.7348138803037
0
466.517418360276
465.82098577100396
465.4215132180916
466.14133700625183
466.2747635775015
466.02424059836744
0
466.31830251151473
466.44742441407925
0
0
0
466.23821426260355
0
465.7464441320577
465.62166163472
466.11228787614675
465.5841525261744
466.6130565881735
466.7305036410461
466.70739696732136
0
467.65906039463334
471.4652977863039
0
430.137586899549
413.9028963935784
408.85244110419853
0
0
0
0
0
0
0
0
0
0
0
0
0
0
0
0
0
0
0
0
0
0
0
0
0
0
0
0
0
221.52679007192006
222.51976518062241
224.97932338472108
228.55329920671426
231.6618364990864
231.88111429791275
231.1804009477687
231.71124019466458
233.10723179226466
233.02941998056698
231.4789283132258
227.3718950108849
229.14594049904693
0
0
0
0
0
0
0
0
0
0
0
0
0
0
0
0
0
417.50971174731154
0
0
0
0
0
0
0
0
0
0
0
0
0
408.43272863159996
418.9585120655531
404.6956542211369
0
0
0
0
0
0
0
417.6361103397409
417.1628110479729
419.10491510147295
0
0
0
395.19193010350716
389.0834624346222
395.85995086089906
0
0
385.7052156498622
382.41923982396577
0
0
361.93476046685305
0
0
0
0
0
0
396.6392428488392
0
0
0
0
0
0
0
0
359.6654136212044
0
328.56001902696585
317.4218626155329
338.36622444559384
344.32966966280014
0
0
303.7900883695526
0
294.6625103497773
301.397078210637
317.7619194567131
310.03011182960273
306.1235174624881
314.58015187094287
318.72523649272665
319.1061835795788
321.36020339298545
0
0
0
0
0
0
0
0
0
318.00005859642704
0
0
316.68273341266627
0
0
0
311.3530252068389
314.820281598513
315.5793211763939
312.9273986944509
322.68521392954
337.3888904141089
0
0
0
0
0
0
0
0
311.136821244482
315.26686013324934
0
0
273.6198495227362
0
312.2271411562554
305.75508131660297
312.87474172022195
315.4507239923428
0
0
0
415.8804823676062
433.2954501858577
435.3285403949708
428.59233027667483
0
0
0
0
0
0
0
0
0
0
0
0
0
0
0
467.7911945660708
0
0
0
0
464.09563534237486
464.71894643775477
461.72762979843276
444.9500145857499
442.01856302261706
523.6158166426306
0
0
0
0
0
0
0
0
0
0
0
297.22605092709085
306.2155961087523
313.6967918114788
311.722182564144
307.5795323409882
308.33577668427404
311.2912373204589
312.3648695541138
311.2177027363368
308.58929855831406
0
0
312.01717313915094
313.3401963907772
306.2693934886456
310.84975030072826
0
0
0
371.8808447048931
411.68004216729264
465.47103688440416
484.6123775260162
473.516030412062
472.62469254182514
493.276890739945
516.6523694476119
525.3166804552448
0
519.6358341054977
0
0
525.8803703803796
523.2352878701242
524.402186229926
523.0039007613472
522.0170274219258
0
0
524.2355061532926
523.9656742211249
519.0458133340247
501.0811058632246
0
0
0
0
368.9606044657887
384.82521859687984
0
369.30342599100675
364.7766590565394
374.9128429391049
388.11593937388545
0
0
0
0
0
0
350.4025530002865
352.836031023499
0
349.54867377276116
0
0
0
0
0
383.0509473764582
418.4409160281101
420.32872665701916
402.5491689255037
395.48895610789657
391.064640446647
390.90570774056164
393.8184757217963
395.97257248420937
394.86665954328686
387.24566180643444
365.5938210910158
353.20720130306205
348.3203850759225
348.1279457478388
347.93153295352204
349.37854228250507
350.28265931346607
352.73399312681215
354.45680175447364
348.960546935696
344.3110526840838
346.91964001093436
353.7947259767909
354.6715306512646
351.05622260962
347.4856139997576
349.59087798682935
338.7568910575951
0
0
353.06557089451303
351.38477351434824
351.6988159768655
0
350.3607833470388
0
0
0
0
0
234.99587341038017
240.57151529913284
241.77322542043208
254.3549454692266
0
362.17250023117026
362.71704330490127
347.8363515563885
348.05704600697266
342.86001513435156
280.3759776205974
308.81258364498433
0
306.68592787411467
293.60541030370973
0
0
0
0
511.0962939654469
535.6994670894784
538.0417495117697
526.1492460899921
541.833287906204
574.7495425071007
0
0
0
589.1205121159591
590.0279340245494
591.0957612339873
590.8249990782715
589.0286699993808
588.2858895109388
576.7124220285712
0
0
0
472.5238205199264
520.0000822739754
542.0255713686391
538.1133725113472
0
552.760090785606
583.6908899122914
593.0370678486347
590.5769307649931
588.7336697365013
587.4789827443901
586.6264316164994
585.3138274457866
583.5139810210449
584.3977930055062
584.2357663742456
588.9420854639675
588.1677395181624
578.1812269973199
0
609.2311196877303
635.6479961157316
618.6872653509739
623.1077196223863
622.8574576969145
0
0
359.94480433297946
373.73579706302075
378.6297636850424
0
364.2864477871973
362.1488293228065
363.8982615260453
376.52373320672746
388.9218723556729
0
0
0
0
0
0
0
0
0
0
0
0
0
0
0
0
0
0
0
0
354.2165120291339
349.658901256079
334.9862188775868
0
0
0
713.3674536545203
0
0
0
714.0754026102918
0
396.6724033979631
394.91193433227863
0
384.6039255680266
0
0
0
395.0443585784616
396.28343676436117
399.0907472780393
0
0
0
389.67811350191687
411.7932301618047
414.1780994708963
407.3790508068236
418.7050437195558
421.92709635512193
394.98157160047464
396.75200002748136
424.5082565355069
422.63507838088367
418.56586964399946
0
0
0
0
0
0
0
0
422.26026213781904
366.2215912407968
398.93045842956786
419.3602646170148
0
0
0
0
424.51139064245183
0
0
413.75507613594425
423.9363931221089
415.9042334736467
393.96670142415735
374.58108146337764
353.78105151903594
348.3470854528352
345.2597789567332
350.78373125336947
368.78278657763417
392.3600703795515
0
0
0
388.2250933250349
0
0
382.71813417516904
435.4605226471779
418.4464586340837
397.68603973490235
0
426.8224340211027
410.9163457833921
385.67339065511993
402.31086969234195
424.6272766623316
422.19039927067655
411.6520628867801
411.936503178174
419.9809428296576
444.2274156891585
0
0
0
0
0
0
423.6189219606345
419.3488820937483
415.766802893458
413.55261665452883
0
0
0
408.74361166077836
426.03036987085545
0
0
0
0
0
408.0956738145653
409.56276246971674
418.2061042057709
412.8379752236482
391.81143517397584
0
0
0
355.51159883687836
349.5075371589965
336.7287151883392
351.7093550798836
379.3959786710474
393.98304131081255
392.01840284213154
393.2617381935199
393.645003629846
397.0914986379649
0
0
0
285.4852123120504
0
0
0
0
0
0
0
0
0
0
0
0
0
447.2746097407602
430.3742383529604
413.97282613098633
416.88453847405003
445.5098817884136
460.47196424469655
469.1619611116296
0
455.62649552956594
0
0
0
0
423.24249795444837
0
0
0
0
0
0
0
0
0
0
406.38721071912164
0
367.2495101001168
376.250836374995
0
0
0
0
0
0
0
0
0
0
0
0
0
0
0
0
0
0
0
346.1834551490149
0
0
0
0
359.9511353269123
422.82472295754474
0
0
0
0
0
0
0
0
0
0
0
0
0
0
0
0
0
353.06810087991585
0
0
0
0
0
0
0
0
0
330.1777348618186
373.1012223960794
367.31347188288004
350.28501723280164
352.772445385257
388.43716727995525
417.14351704702995
416.9981613666623
412.2264212050152
396.987351409982
0
324.4185965153949
343.11487729456525
348.4971145692592
346.87896343994464
346.26382285463814
352.86583594771105
387.2280878258364
394.74029489325545
389.01976444647653
375.0731733958799
0
354.89964442628684
371.73003136652994
0
388.9202677725385
351.12826700377497
0
0
0
308.7852257256884
308.7976974176972
313.5212346348782
0
0
324.8315990176456
327.4189199875109
0
347.4931595114197
0
0
271.07066355406755
290.32155435530694
296.65586466850084
294.07406112543003
291.4668124877704
295.87230298576935
304.4110011990244
312.07266741234616
310.30025427691936
308.75297599745886
308.73936641602836
310.8388831433276
313.25583835106806
0
0
312.9705500464349
0
0
0
0
312.6079241435991
313.67914993492025
312.76571899999715
315.0982242477972
315.4144905657366
0
0
0
314.24800364478665
311.74600982500726
311.3455207721069
312.0786307541765
313.18653209148357
0
0
0
312.29596385603764
312.6090102387375
312.0347215431613
0
312.08005384122725
311.694702246504
311.3159104432927
311.2322325498529
310.6711316483413
311.49598203584173
313.95410809581074
314.00033288973043
314.49976235126877
314.5182699272423
311.007333017063
306.04827952240095
304.9493398266481
310.5870200849143
0
0
305.5850966840705
302.02300277302504
303.65370111798586
0
0
0
0
310.3559823191836
313.6256854428486
317.37017221640957
316.84857079502467
311.80694008069145
310.4477835706211
307.97678213948694
312.56054691598183
312.935077161266
312.5395756225152
309.8418046788667
0
301.30298088704774
298.4719032158789
0
310.28401618630926
318.3358961038157
315.5296437018568
0
0
0
0
307.978052771005
306.5791948194983
308.1389972172043
0
0
0
0
0
0
0
0
0
0
0
0
0
0
0
0
0
0
0
0
0
0
0
0
0
0
0
0
0
0
0
0
0
0
0
0
0
0
0
0
0
0
0
0
0
0
0
0
0
0
0
0
0
0
0
0
0
0
0
0
0
0
0
0
0
0
0
0
0
0
0
0
0
0
0
0
0
0
0
0
0
0
0
0
0
0
0
0
0
0
0
0
0
0
0
0
0
0
0
0
0
0
0
0
0
0
0
231.92034144450858
0
0
0
0
0
0
0
0
0
0
0
0
0
0
0
0
0
0
0
0
0
0
0
0
0
0
0
0
0
0
0
0
0
0
0
0
0
0
0
0
0
0
0
0
0
0
0
0
0
0
0
0
0
0
0
0
0
0
0
0
0
0
0
0
0
0
0
0
0
0
0
0
0
0
0
0
0
0
0
0
0
0
0
0
0
0
0
0
0
0
0
0
0
0
0
0
0
0
0
0
0
0
0
0
0
0
0
0
0
0
0
0
0
0
0
0
0
0
0
0
0
0
0
0
0
0
405.75613601112565
406.7772615688721
406.72603391529526
405.5377766132744
401.1310690896377
397.4739220860119
397.855245168927
0
0
0
0
0
0
0
0
0
0
0
0
0
0
311.3087448965399
321.00151833357006
320.30002375299057
316.1678227165737
316.53395950916706
317.15860504591944
315.52683458865636
320.5862152864323
323.2341106824248
0
0
0
0
317.8889738242764
0
0
316.02608432211446
0
0
0
0
0
714.417850432467
709.6307851860004
714.5343635428351
0
0
631.1219959859827
0
0
0
0
714.6105494974936
709.4999732851468
709.6139893758807
0
0
0
0
0
0
0
701.8744360072538
0
0
0
0
0
0
0
0
0
0
0
0
0
0
0
0
0
0
0
234.3874662095302
0
239.8327968180639
233.96150003264745
232.3957735484006
232.3402705820709
231.6025860847975
231.54350165910353
231.88728244034334
232.0369038391782
231.91437385757152
232.20409222182474
232.02506358587578
214.47776272461647
218.81508966086784
229.0672375140283
269.63206949488426
322.50469650497706
342.8109561749884
348.66893675274184
346.99882234712356
348.8303147577286
364.82086032183327
382.2543581123003
0
0
0
393.08117073174674
394.7902701065113
392.8419079254155
389.1947477338434
0
0
402.8602974334718
0
0
0
0
0
0
0
0
0
340.9853738728543
356.4585220325154
359.863605531956
353.68242670433284
360.17505835692674
378.7191441686049
391.159419532784
0
391.64437492016486
392.69990388758225
0
382.63877730465373
0
354.1076927928583
346.9984456043597
344.7901056862847
353.1920156821626
0
0
0
0
271.4234130540608
280.235132372197
290.6159811985501
311.2667689218244
313.97312897902344
310.5814898900074
308.4346153844758
311.61613273588176
313.1683748905456
312.82678062783896
308.10674807806356
300.3691658296382
289.2855552649545
275.11810033987496
266.11317165097563
0
0
0
0
0
238.31234532864346
237.215928554973
234.1405992226531
230.05019826241835
224.8109174498238
225.0499268049649
229.95855103957425
235.30829488850233
234.49589923503493
228.09830828316632
223.46960738057743
226.37370965083332
234.8053106192859
0
237.0338850688929
232.5371136631656
231.86447371984687
0
0
0
0
0
0
0
0
0
227.63957661618008
230.9438070250616
231.85566300474716
231.871975678311
232.99486215537857
233.14312254472856
233.85237469442
233.68016847321368
232.70607731334786
233.91281017891714
246.2133045195697
0
0
265.5963846785971
283.82719098478105
309.69402536991566
351.178592492301
0
0
0
0
0
0
0
0
0
0
0
0
0
0
0
0
0
0
0
0
0
0
0
0
294.7613823614224
0
371.8507255901499
368.6874250068436
356.3825980633602
356.238688755711
381.3969755931098
395.3344060598049
395.0731821726664
0
0
0
391.3779405373008
357.97690475408695
379.0178625028415
366.58455352732665
348.79948737968357
348.6252540989997
348.18857723522615
0
0
268.44829945027874
279.6096109944989
303.05433743097177
315.01462416780225
305.53672708641477
301.35270877414627
310.5396119762629
326.73823542856206
325.0204058536208
308.5738200502019
302.39114410795855
308.734070238614
320.9394882625241
319.22109020668086
305.6949353772752
304.6397301641485
313.8518650324854
314.7714071149338
0
0
0
322.03674672385324
320.666280535857
314.2860821759434
310.36198025030836
306.46710852427674
316.43238792980316
335.9529454282424
350.165011689746
350.04679549566265
349.0555811843699
0
0
0
0
0
0
0
0
0
0
0
0
0
0
0
229.88513475416812
238.09412043200211
235.8351952233181
232.36991256234842
231.30570739315462
231.91087395186187
231.03542048252083
228.40369224674586
223.01141936754573
0
0
0
0
0
0
0
360.48834628818486
357.83483809784957
349.81883842773595
0
0
391.4498446527495
395.6373809959823
390.01223653359546
390.00410650469126
391.1223884105061
391.92486238709563
395.05714021042985
386.1231202953452
0
0
0
0
0
0
0
0
0
0
0
0
0
0
0
363.5699310785125
357.5797571157569
362.67301818344237
381.4534616069005
392.46053227143733
393.2084557649295
392.7481709718488
393.89219671007135
393.7596456694359
381.70377373362436
355.81333583975675
0
353.401604229892
353.1062828608412
343.0085748166516
340.94642957812334
353.0880347323608
0
279.86935084131227
0
366.40573256100595
372.53672136858256
362.14316740791094
352.703127115654
348.09075559684925
346.00511903082327
0
348.22078728200614
351.91011654337535
357.59124893454407
379.4957581241148
386.5160462553637
0
0
0
0
0
278.26074189040935
288.5572366070127
307.07848948286943
314.7283491728292
306.2737828142268
310.0007612313359
313.40252707970683
312.54249387357083
309.40237330870315
301.53068404814
299.9365257117899
314.4809827140362
314.90485579516707
308.1637550705151
301.181640038405
305.19643232965683
312.9630066250586
308.7791912168387
306.8475296733427
309.97148072002835
310.4875590612473
306.7778426128578
0
0
0
304.8012465451118
0
0
0
0
352.6248636334059
347.9396170179034
344.96923881559155
343.8710432185948
349.24375558898635
371.1058730153595
392.5983577171889
397.61618467457686
383.07956136203165
388.03647437931664
0
0
0
369.8696937127462
394.20391011931343
0
0
0
407.59822461300837
0
0
0
0
0
0
0
0
0
0
0
0
380.8381986259781
0
0
0
0
0
0
0
0
0
347.38225698676644
348.25859630227035
349.60127800909197
349.16762447708913
350.3800317671745
350.94822183686733
350.57561913753125
349.59786190926366
0
0
0
0
372.1345718941893
390.6172979055461
396.52944523610125
376.70847376770956
385.968458753701
396.50757546021794
389.46823741940653
0
375.2302317691949
379.11194459240494
360.64313463864266
0
0
391.0644706122706
0
394.68818339948365
389.20903038385393
387.04491185945665
382.697192334586
0
0
0
0
314.297206345234
0
0
303.96976715084287
310.01705181659634
315.26124661088227
313.53260405870583
301.4216870857446
294.7088384764413
301.3481936667294
314.41481903816634
318.28004830948606
0
303.0513761607041
316.9339651576165
325.435870479492
307.23589495722985
285.6102761565837
0
0
0
0
0
0
0
0
0
0
0
0
0
291.0873819437796
294.8640651685488
306.8330713050491
0
0
0
308.8189540966312
324.34245393076657
316.12690767696864
0
0
0
0
0
357.69088605920433
0
0
0
0
0
0
0
0
0
458.7101451700904
469.87940732204294
462.3420379759645
0
0
0
0
0
0
0
0
0
0
0
264.32487421890704
259.0351953634315
0
376.06558529967094
419.4469640516976
421.52572221690014
406.8107396763372
416.6478858445219
447.902658095113
0
468.47907742380403
0
0
0
0
0
0
506.1970175553804
523.4814406607699
0
0
0
0
0
510.124689359705
531.4223098829608
512.7144050706625
475.0385786953722
0
0
0
461.3670307883064
0
470.26350813492184
472.9316482675308
463.61870893366745
461.77144603333386
0
0
0
0
0
0
0
291.01438611316473
302.79688088698373
0
0
0
0
0
0
0
0
0
0
316.650208931838
307.61727040974347
0
311.9053337270972
0
0
0
0
0
0
0
0
0
0
285.4305412179767
294.4330248243862
0
313.5212346348782
0
290.3367477505826
294.8940957648611
311.09399027308496
312.8754890475401
0
0
314.5115770249806
315.4755897914098
297.5046101821521
283.35314974072395
409.90957378650734
426.2300527858347
426.25781963610194
420.1298013998537
0
0
458.41500797651344
472.9186062956236
0
0
0
0
0
460.96056744828934
0
0
0
0
0
0
0
0
0
0
0
0
0
407.6604500431094
418.69431539790435
421.95998878391924
416.169742117651
408.23296213735716
425.652080356364
457.86636291269707
465.384828675123
0
0
0
0
0
431.7982902134104
424.802779264594
0
397.85265342506784
408.84622657139886
426.23236662093757
0
0
0
0
0
0
0
0
0
0
0
0
0
0
0
0
0
0
0
0
0
339.2109063909908
352.26593194721136
369.3465717517058
349.3684523386816
341.2332111437936
348.97070087576446
351.58603680279566
0
0
352.22524038703045
0
344.7263980665948
347.07870104899496
0
0
351.6588008096761
0
0
0
351.42460488075824
349.3274127884893
0
0
0
0
0
0
0
0
0
0
374.37998681942236
0
0
0
0
373.04654022270734
378.15164478885123
0
0
0
0
0
0
0
0
0
0
0
0
0
0
0
0
0
0
0
0
0
0
0
0
0
303.6318109971826
305.0243076068799
0
0
0
310.5301716807265
0
309.78764886498277
310.7435249470971
307.15651516544995
0
278.0619019154958
0
0
0
0
0
0
0
0
0
0
0
0
0
0
0
0
0
0
0
0
241.67919081717858
250.43103028906117
260.8573675532203
262.2640368299167
257.56962880684046
260.13127538141094
268.6830266907743
0
259.38160417642786
252.46847226559314
260.3805255885084
267.14199097298064
263.42983145964035
252.1095617631879
0
0
0
0
0
0
0
0
0
0
0
0
0
0
0
0
327.6609522939436
319.43680773534675
303.09948393405
309.7516623488484
313.0459262851225
311.23148914757996
307.8710705868497
295.5957213979599
282.3789273782147
0
0
0
423.1160563572641
443.3984311968193
421.84950237307584
405.19184860890135
0
0
0
0
0
0
0
0
0
0
0
0
0
0
0
0
0
0
0
0
0
0
0
0
0
0
0
0
0
0
0
0
0
0
0
0
0
0
0
705.1966817257269
0
0
0
708.9554141215954
707.2362409724905
0
0
0
0
0
0
0
0
0
0
0
0
0
0
0
0
0
0
0
0
0
0
0
0
0
0
710.1935975047661
0
0
0
227.00345633863094
250.58989601659738
268.25676251619757
0
344.52464763915077
363.3350609866944
361.191652624245
356.6256736563163
355.097754711978
365.8366652586236
0
0
0
0
0
0
0
0
0
0
0
0
0
0
0
0
0
0
345.08806317698134
313.61465314065316
306.2847564033958
307.1443098406057
0
308.3212481911749
309.2586313156051
314.27311584979844
314.60932120249987
308.4444608108509
303.8311880242428
306.18308286811856
314.0933485227441
311.934187302565
302.42660383926653
307.65968951771265
313.2776059933128
305.2308291606572
0
0
0
301.3916462030646
0
311.9610790702914
312.4177799141181
0
240.0595481417942
232.5063901186192
230.35817045679516
231.09148988694062
231.77147463015012
232.23828061443828
231.515624073901
231.5360103280488
233.11978533402737
234.41782749175502
234.45099271513794
228.73474000165442
209.19817070442573
0
0
305.06610418355694
375.5118468734561
400.07320603841333
417.03456345494004
0
0
0
0
0
0
0
449.6070537911912
0
0
414.2443877157971
415.9546300461907
0
0
0
0
0
0
0
448.5607106209574
417.55513467067874
0
0
0
365.90967708705887
395.1026084276489
397.4454411557713
383.75627220533767
379.3518237218111
0
0
0
0
0
0
0
0
0
0
391.07313225950526
388.34152993442933
0
0
407.6177852110225
0
0
368.9273572198591
0
0
0
0
0
0
0
0
0
395.7336979943162
394.17480757473095
0
0
0
0
0
0
0
336.9625562067262
353.5469008603206
354.3920005833737
347.63489465648405
341.9066722253434
344.44692742212146
0
0
309.1582530513291
0
308.4255739432044
303.04584853362354
314.9877427676589
314.28253344403925
303.41503897985166
0
0
311.2300699299897
314.2408388455515
330.6081194312758
0
351.01498480073474
346.15594345795
0
0
329.4385174718647
0
0
0
309.65179644650664
0
0
0
309.28603117794376
299.36666521230273
332.7134155010184
0
0
0
0
0
0
0
0
0
335.12685506785664
0
0
397.3940080408328
0
420.4970654040652
0
0
0
468.61388543641215
0
0
0
457.4668577420323
421.7460964538956
383.875869733282
436.5066374630786
444.766478109076
0
0
0
0
0
0
0
0
0
0
0
0
0
0
0
0
0
0
0
0
0
0
0
0
0
0
0
0
0
0
0
0
0
0
0
0
0
0
0
0
0
0
0
0
0
0
0
0
0
0
0
0
0
0
0
0
0
0
0
0
0
0
0
0
0
0
0
0
0
0
0
215.05071621816666
219.97476895619118
226.25606168931003
229.87832103461784
232.93410745641128
234.43788387347553
233.08693495536522
231.75124377539845
231.22084006709275
231.15982012716105
229.77788578451845
229.48803022443178
230.59939700482516
229.85281505712152
0
0
0
0
0
0
0
0
0
0
0
0
420.36158575957467
0
0
414.48507531097937
0
0
0
0
0
0
0
0
453.0761539245099
423.74164927559724
431.800071700032
444.3985707612896
0
394.4883721819326
416.3999746542795
0
0
0
0
0
417.58714221303137
0
0
0
418.4368272674805
406.87841096524147
389.00641791381673
392.23825543679544
397.1365111091154
388.98665237124567
0
0
0
0
365.10100535358504
0
0
0
0
0
0
0
0
0
0
0
0
364.3938848109948
358.3015069334289
0
0
0
0
0
350.1849337176805
354.72405854805845
348.3874802812584
343.8467765145882
346.1340709687564
347.06460790456856
0
0
318.58145229224823
313.1392711616154
305.897327723035
312.08012160743925
313.811931121186
314.23210483505187
314.4025983757335
0
308.85644183705097
312.83418490577947
328.7771927663613
345.01066536181213
352.10824010347375
0
0
0
0
346.49947011794774
0
0
0
0
0
0
0
0
0
319.1135286038191
0
0
311.79962782127484
322.47948674448514
0
0
0
0
0
344.74069569695564
338.15116071562807
0
0
0
0
0
0
0
0
312.81665946719454
0
0
0
0
0
0
0
415.2902113599111
0
0
0
0
0
0
0
0
0
0
0
0
0
0
0
0
0
0
0
0
0
0
0
0
0
468.09064041243425
472.8397459713101
474.96648118839676
503.11599263205085
0
448.1529759936509
0
0
0
0
0
0
0
0
0
0
230.67299130836548
0
271.53866105601304
280.39844392900403
0
0
309.77554078541107
0
0
280.43668341137914
0
0
304.5054079466104
307.1996712137207
0
0
0
0
0
0
0
0
0
0
0
0
0
0
0
528.9410126691298
0
0
0
0
0
0
521.6602018206189
523.869769980115
525.3575188110402
529.8606607124879
0
515.223058417742
0
0
0
382.60803613355995
0
0
0
0
0
0
0
382.15426826212587
0
0
0
0
355.7735478206959
352.94085742591847
337.76845365905075
0
355.07647375545514
338.7671159004705
340.8547873650341
386.09520119053445
417.48124560773
421.5735044395757
398.07716103304875
395.4315079531062
392.70237679188574
0
0
0
0
0
384.203933168981
369.36012601431503
353.82968275151
351.72424782909985
349.1784668389724
347.62251505602467
349.0513366786514
352.36010657071927
351.4971828269967
347.73205963219965
344.2398090474994
347.06475863035837
350.83537862879587
351.0022561783191
0
344.2039311614022
345.29501711143337
351.52687465542056
351.29459733469275
345.54208504591384
332.07565649503
0
0
0
0
0
0
0
0
0
0
0
0
0
0
0
0
351.3322823644937
342.11506118590546
353.34037187934763
0
0
306.5279388741565
309.8851361463492
308.228871027508
310.81350542307166
314.3602052347239
0
281.4337202582494
0
422.85603259083365
442.0129001487537
431.22999640134026
0
0
0
0
0
0
0
467.85377073210185
0
0
0
0
0
0
0
0
0
0
0
0
0
0
0
0
424.63778817613957
424.85674498138457
415.9482172400143
403.65792820635596
415.64322640265163
423.8761933618481
416.93849417028514
405.4889943317116
415.7595804662279
419.4209159095582
404.6964451157632
0
0
393.64953396426915
397.9063059655511
385.2087100769446
385.90325961195845
0
0
0
0
0
312.68552155951863
314.1267699563081
313.34720457230856
309.06334332247536
311.6972741931747
0
0
0
0
0
0
329.79015884571646
312.40149884885403
310.8714182515502
309.28462083165437
0
0
312.3272950742608
313.9954919211996
312.2567703507773
0
0
0
0
314.739352308841
308.9238507408093
304.9257671955633
310.86635551100164
314.74639178395904
310.53489179262135
313.2927081837948
321.1853789503244
319.5269932439254
0
0
0
0
0
0
0
0
0
0
0
0
254.5782341677555
0
262.6094603020631
258.8368008387789
239.00436525494592
0
0
309.2483569930466
314.6134884706525
310.00850251841473
305.82805568536776
316.94614656721376
315.73621628932415
298.5865115588017
0
384.64267815700134
0
0
0
0
409.6129242927557
417.3318755243007
414.47562512413293
413.141625310831
0
417.77370522959694
412.71105720691054
403.26342523824803
0
0
0
0
0
392.45976528934557
393.9504477590076
388.2475179367669
377.3459880807271
0
0
0
389.11455489523297
409.14107701268176
419.8337779555402
418.7116808697377
0
0
0
0
400.2109240112497
405.3821164921001
409.6215520339539
411.68478006120506
411.9607446786185
412.943142375432
0
388.2994535897369
395.63068006116845
385.7342791890045
0
0
383.2883251185244
0
0
413.3540260264352
423.01472819622154
416.4772897459044
407.7210028227296
414.84551316976615
421.59986936369296
419.7593033758457
409.37062127412565
412.64223663739665
417.29517564517346
414.7558021232235
408.66995074993093
407.7187009444455
373.9396312213938
0
0
0
0
0
0
0
737.8317395323144
0
0
0
0
0
0
0
0
0
326.8175661913282
308.7608872613942
308.38867421647336
309.745070879291
0
308.3362453567398
308.77691154418665
308.07717818264376
310.03011182960273
315.9071143351344
0
0
0
304.7302376070944
307.51795909773443
315.24858232388686
316.95729606432286
310.089158032354
305.69832076156507
307.2120788659184
313.52777030118824
0
0
0
0
0
296.47207567813444
317.2212131271913
0
0
477.94651912497056
0
0
0
0
0
0
0
0
0
0
0
0
403.44665512403185
421.4957009089696
417.7011380042649
407.6330094934528
416.72678528706956
421.72668204884025
406.48932232285284
0
0
0
0
0
0
0
400.72572214780274
416.9199347956458
409.8907932619631
411.1883130911423
415.3169949813665
414.9050610319736
0
0
0
0
0
0
0
385.2560564121113
0
0
0
0
0
0
413.67009216573507
428.60591814360566
418.647768575995
404.2048948189702
408.2897876644381
418.29674320831487
0
406.1305006134566
413.95394933087243
411.4505431122295
408.9697359293626
0
0
0
370.0185470901124
366.4456752038999
0
0
0
396.052888687845
392.45686781497125
0
388.2556113478109
382.6035497907975
0
0
375.4156419802229
401.3530691149305
401.8907165084822
379.9648504043033
346.00248939221046
350.8906908864602
339.87587428767404
0
307.29180664942083
0
0
0
276.6902163929795
0
0
0
0
0
306.21273693278704
0
0
0
0
0
0
0
0
0
0
0
0
0
0
0
0
0
0
0
0
0
0
0
0
0
226.44184958704273
233.2658205288896
232.86669385450708
231.41007662660337
232.0939218581249
232.72874141298269
231.065247210179
230.62435984439222
230.91798225777382
231.40884552372887
233.5219065296857
234.77097373311915
230.90765315945973
228.28883104616264
231.11833777394247
231.91920834657125
0
0
369.155421414917
0
0
0
0
0
0
0
467.3919607565829
0
0
0
375.24367602279506
424.51341860633505
442.35750770247296
0
0
0
0
0
0
0
0
0
0
0
0
406.15307753858986
403.9407918436891
397.80600492255013
0
0
0
0
0
0
0
0
0
0
0
387.260545657772
392.87688376520344
396.62787415587525
383.9894176822364
0
0
0
0
356.9907529795024
0
354.49759716662174
356.5000122981764
0
0
0
0
0
391.58246844222003
383.647958180824
0
384.5994158220857
0
377.051207381861
373.6887304992034
374.25749644259884
0
339.8530702685096
352.4344848249058
351.9624647457951
347.07870104899496
349.7867084247729
346.72978152304296
0
0
291.85776466964234
305.5978372758866
310.3871863065806
307.07942300634016
314.57441396013525
320.7114740115953
312.60405496033525
307.3203001717858
310.01267616208855
310.2716865855208
311.7703127994298
0
0
348.20710142861026
344.1123847542083
0
0
0
0
0
287.05192443195284
315.4068197503057
313.8547273851062
313.391910933606
311.05981079478215
309.90505450572
308.2266623472492
309.56298656612927
338.65179168132437
0
0
338.90198029113947
0
0
0
0
0
0
0
0
0
0
388.03622160042033
0
417.0662594031202
417.1896248503057
430.6366409884339
453.4230853962864
0
0
464.97129185571646
468.76715583540687
467.3267064704925
0
0
0
0
0
0
0
0
0
0
0
0
0
0
0
0
0
0
0
0
0
0
0
0
0
0
0
0
0
0
0
0
0
0
0
0
0
0
0
0
0
0
0
461.53597012238976
0
0
0
0
0
0
0
384.27043059864275
0
0
0
418.2150945719354
427.701869421013
430.70285116883133
427.64104209652874
417.6345686630291
414.2612088086168
0
409.2866267309173
0
0
0
0
0
0
0
0
0
224.17145686641848
222.8867585203274
223.93102213638917
227.5225058983364
231.08511710827358
230.94924814532362
229.8381167137113
230.9426536243305
233.80439293322382
235.26103610865246
234.74400737609704
234.66567468245222
231.88929656320227
227.92801310219855
0
0
0
0
0
0
0
224.85038886480166
228.5699006765036
0
0
0
0
0
0
0
0
0
0
0
0
0
0
0
0
0
0
0
0
381.13494688160523
378.97589115106325
390.96012133510555
0
0
0
0
0
0
0
0
0
417.62468392992355
410.30211445785073
396.62391241519487
393.21084648842793
396.32190317567506
0
0
394.3708632775949
0
0
351.46901988856246
359.6027836258068
361.97861736934186
355.73770378453
380.850272520912
0
0
0
0
0
0
0
0
0
0
0
0
0
0
340.33759705054166
355.09736917605994
350.428347677325
346.76328726888676
348.2574619719338
346.4911185605588
329.10325829065306
291.0403591547099
0
315.47456224022875
311.4188826891288
307.58100170128444
311.73531440877923
311.5359594728143
306.5285379201238
310.87729113388144
314.5777610620538
310.21974594263133
308.07162578122467
0
330.473972160219
347.72624557932
0
0
0
0
0
0
0
314.06108998126234
314.2563969030867
311.75020686073725
312.2649070060753
0
0
0
0
0
313.1965972106679
310.18788523437365
314.1103998302407
332.33570804916894
0
0
347.1225667971573
347.17895222325933
346.7974739956986
345.46526054044733
334.76043688775724
313.26325278434973
310.9723527505294
311.49050329448255
313.9248631794047
313.28359236010306
0
0
0
314.26595047800964
307.76853631250265
315.3786037131214
0
0
0
366.60095180534853
418.7328659022198
429.28120021271764
0
0
0
0
0
0
0
0
0
0
0
0
0
0
0
0
0
0
0
0
0
0
0
0
0
471.6171453965982
0
0
0
414.2568010765436
411.31788884511377
413.7210265508371
0
0
0
0
0
0
302.61132432311297
304.8732650476183
307.4397748404615
306.3877277714588
305.0449733442367
306.68612765889264
311.34193763734226
309.8643443599412
310.1035004834839
312.3728055368277
299.45404545213034
0
309.9201287097819
312.74887651058873
309.47689018301475
307.71661379381953
0
0
0
425.663171818851
458.3616566166038
495.36580696748433
495.6067047749709
0
477.8933851542194
492.9522341972677
527.3882583564576
528.6037875937345
520.3752073009742
522.2002375067825
524.3600557970343
519.5885581289192
522.472336907921
522.6566147225678
522.0153271343905
0
525.8155135584637
523.918914444356
524.3210027703641
524.1464951978516
520.3111424130306
525.7112798297998
517.062803119203
0
0
0
0
364.2540172091683
371.71808517329725
0
364.3965750988454
356.3373299992811
371.69734168232605
0
0
0
389.390271170028
0
0
0
355.26087394796235
347.765133626427
351.5077158878207
354.4145488154643
0
386.74448592717005
387.3692066931162
385.7809361926342
374.9765923462886
395.58652545701784
422.89349701675053
411.89455354604854
400.4798060909736
393.6053440603447
391.85763599468515
0
0
391.7231327414661
392.4846503618135
379.4445880088873
357.4765802354258
348.5419164203041
349.4749045440738
349.28197905815523
348.4060150566052
348.10776279482076
349.3475147384123
350.6318802278081
347.6977807754672
345.41320364320006
345.51897587879495
349.07331771313665
352.9308945135813
350.6212972765293
345.56527079593013
343.054384389452
353.42746619121675
355.25092268603237
324.21760751294835
0
348.86576582304116
349.9375855304986
0
347.5019879680609
0
349.8062291385751
0
0
0
0
0
278.4567007825489
290.59654537996926
319.18615643330816
349.9564307463268
348.1128273209965
341.3811400680787
340.8623369230949
0
0
318.475351001312
0
0
0
0
0
0
0
512.1787295693048
546.6473692071394
0
0
553.8654553269082
582.6485854063569
591.0274815436754
583.2074321796393
583.7346184976302
586.6283423527519
593.5144972521459
594.366346571446
586.6613353801931
583.1961613467663
584.0991507999754
587.9473414621712
592.2215866959355
549.6968446259497
0
551.0540055530721
482.8825363103078
512.6626379873052
536.5629354284737
539.3550264973744
527.0475598605829
554.7759127829794
585.2154624903607
587.628893487097
581.98170905748
581.2413780777782
587.2316817466565
586.4929502496218
586.7835149082866
584.6797020469457
582.9649673871996
582.1151749199971
583.6422219477304
585.9038555778448
579.022761919344
0
612.8326212070051
638.5307183173064
625.949880828317
613.9313217637794
635.7522149915544
0
0
0
362.97460672467173
0
0
0
0
0
374.3798242309779
0
0
0
0
0
0
0
0
0
0
0
0
0
0
0
0
0
0
0
0
0
0
0
0
0
0
0
0
0
0
0
0
0
0
0
0
0
0
0
0
391.87201636724024
390.3349491695581
390.1573352332077
389.85779496123894
374.19882580440395
377.85475783456195
0
399.7947001586638
417.1952414731544
408.42119927934345
415.8572744221896
425.2498405464057
0
365.1182093817473
0
426.58504932594013
416.9910986429889
418.11766383611933
0
0
0
0
0
454.80211261515365
453.8918889542555
439.3903709205591
443.03685039895845
392.66767228337125
414.8743401144292
0
0
0
0
0
416.75746238330566
404.26730448302175
408.4210219072354
0
0
0
0
0
0
0
0
380.57729756621245
0
0
0
0
0
0
0
0
398.29574116669784
426.6218251156066
0
407.07061992045374
424.7477136258707
400.6013099443462
391.07092437042354
0
400.2680235286635
412.50409248820944
0
404.6648105362864
409.93512024140665
432.8267724455294
0
0
0
0
0
0
421.1644187121022
415.1602857150474
0
0
411.73359248234215
0
0
0
0
0
0
0
0
0
0
0
0
419.6085715366297
417.8009211892481
397.9289441512009
0
0
360.0423608960531
365.71220534626326
363.2504155427614
364.25583640905677
377.64263929128055
0
0
0
392.7508147467592
395.6041351655381
0
0
0
0
294.8558697161355
0
0
0
0
0
0
0
0
0
314.87969311054945
0
0
431.9549015824407
425.17920607918023
410.1193332642839
0
450.3108280242514
464.3011619276267
467.9642137037729
467.16153106194355
0
453.69372857575684
0
451.9444970030437
415.07221907057567
424.7911567766738
430.2234315801963
0
0
0
418.3477022142049
0
0
0
0
0
420.90266962119676
390.60016462736536
376.369647632255
375.4334950932763
0
0
0
0
0
0
0
0
0
0
0
0
0
0
0
0
0
0
349.1198614369282
0
349.23071202909745
348.8060010458157
348.8061525278709
351.7969640495523
0
0
0
0
0
0
0
0
0
0
0
0
326.2874520709203
0
0
0
0
0
0
0
0
0
0
0
0
0
0
0
0
322.30398340976166
350.2845608600785
373.3780776475103
362.66530055526067
358.6216532028618
379.7859349497862
407.1311734942478
415.655862195411
413.10825413546854
394.8906682546133
0
0
357.46043485538985
355.1969284502641
344.6147322707035
347.9353860822765
386.9520539956437
396.242220749443
387.7868933064698
374.5674169443594
366.52915506202373
362.21504884303795
0
386.2432038399232
385.14614822774007
0
351.9203563090573
0
313.69924404274525
307.5295114891263
314.4059436495177
0
0
308.269700997784
0
0
0
0
0
273.07798891966286
279.04910203955416
290.55729908591195
291.7464359229935
286.7716941970533
287.94377490769654
295.5527194128204
0
0
313.63433449434365
310.3154150870536
309.92261871583304
0
311.892804249706
310.69852172368667
310.92805906301624
312.13054374742615
312.2467354345691
311.17310382494793
309.65690664688555
309.6078925419818
312.64308839022874
312.6157305363139
310.9845751377593
309.7826037743142
311.67534564458754
312.5545064962398
313.2586272457491
312.9467651007275
310.31285454268965
310.0836367021904
313.57556650202423
313.2506687583046
312.9877442899797
312.02184810015035
309.44994377763754
308.83169539417344
311.3192904754238
314.597366231338
315.12696262231526
312.5357072852084
308.85905743061403
308.4916830400877
310.2388774116681
313.456293854506
315.7299088215606
313.32856179474214
311.2968477492138
309.14905613782634
311.2241903832014
314.60761332166294
315.60460830126266
311.30813650865724
306.69898075312085
306.3664388624569
313.5082317872915
320.0219400631875
316.00817421097366
310.35618449474964
305.99060076571516
306.9520899464021
314.216547980157
319.7749263900217
316.01469309945327
307.65601519037864
305.0380846095529
312.1964978991666
316.06479009805406
315.42544919711565
311.88968889021913
310.4019469529357
310.313326220327
313.8848518218481
313.7587165202016
0
308.5046787942543
335.26209025375186
355.8498829308169
346.44485006540845
330.4645716910517
339.6487142126983
357.323616515942
352.02101225035284
0
0
0
0
0
0
0
0
0
0
0
0
0
473.1052331588701
766.2530594256209
0
0
0
0
0
0
0
0
0
0
0
0
0
0
0
0
0
0
702.1082681813973
0
0
0
0
0
0
0
344.9865429704305
0
0
0
346.6243160335184
0
0
0
0
0
0
0
0
0
0
314.81590651034617
0
0
0
0
0
313.0437510626762
317.44681486050473
317.17010637406867
310.4825699914059
304.8068061910624
306.34814488811793
310.1491583361252
317.52078704448377
319.74500040147166
316.2702021608266
305.5738163950913
305.28750291416236
312.3807417211644
317.83051284478324
317.2861071493221
311.5663349315519
306.60855435721425
307.3046851274156
0
314.8989752051316
316.1814164686496
314.15105388131104
312.75254374958683
0
308.6430438217781
0
0
0
0
0
0
310.8895097848312
0
0
0
0
0
0
0
0
0
321.50363602607507
320.4309457084623
318.3535924986511
316.213480815043
314.4922503618054
312.9261076433123
309.29966485697713
309.66517728145357
309.90020938155504
310.9740408969683
312.7589275644953
311.5954277908633
309.70525600517186
311.29515785039314
314.09539463076993
312.79655397181835
296.68801046294243
271.2988469835974
0
0
0
0
0
0
0
0
0
0
0
0
0
0
0
0
0
0
0
0
0
0
0
0
0
0
0
0
0
0
0
0
0
0
0
0
0
0
0
0
0
0
0
0
0
0
0
0
0
0
0
0
0
0
0
0
0
0
0
0
0
0
0
0
0
0
0
838.466069778474
0
0
0
792.2605247372001
0
0
790.7199087088071
0
0
0
0
0
0
0
424.1730407527146
441.6325020468162
0
0
0
0
0
0
0
0
0
0
0
0
0
0
0
0
0
0
0
0
0
0
0
0
0
0
0
0
0
0
0
0
0
0
0
0
0
467.301845259309
0
0
0
0
0
0
0
0
0
0
0
0
0
0
0
0
0
0
0
0
0
0
0
0
0
469.31867186575016
0
458.94268449372277
0
0
0
0
0
0
0
0
0
0
0
0
0
0
0
0
0
468.50898619311835
0
462.5403599158582
0
0
0
0
466.6865208686301
0
0
0
0
0
467.00888705387507
468.57104789394674
464.5589295089514
468.06716148815354
469.68742358368524
469.6711055238978
469.8069706593145
467.82674817903626
467.07734248282213
467.4094175690043
470.024314154919
469.19201535985076
468.6113415299831
466.8246650297024
467.84960549999266
466.83611975598694
467.7293377203751
468.00638602034104
467.18922532051965
468.7157547971103
468.80726273818016
469.6780406300346
467.8974571076957
458.6410238151495
0
0
0
459.6007890903728
469.7712665546045
611.3887558668121
0
0
0
0
0
0
0
0
0
0
0
0
0
0
0
0
0
0
0
235.5572625839364
244.9454815006024
237.46281528305133
231.60130366701182
231.74007226921108
232.60094678773115
231.28923366568856
231.05375756899693
232.07126918706751
233.50038206019036
234.86267742059573
234.00633820207688
227.7431075990339
226.05204285687978
0
0
0
384.94297596943784
411.53158598825564
428.5427289123528
418.72813781922525
416.85330892120277
441.8461178640825
466.86328784125135
467.0346454008213
462.9454015498334
468.83861773208037
470.0200275369074
0
446.321298046156
0
442.1689916679048
471.7200773431548
463.7201972775506
455.3852535283256
461.7591128968878
468.51895620720484
466.608294475369
460.01584248139665
463.82865728980227
471.04380080483463
460.24194802077363
0
0
384.0771443737228
393.93907059239297
393.8325004617713
384.69738942811773
387.640740168681
398.99785854308504
414.8722681109692
413.8621843917074
417.68571909282343
417.98739818795764
416.5764187421286
0
402.38539403760086
389.69850652310305
389.7469971201986
398.2890816930121
405.65517752526034
409.7083732346809
404.14609284173525
404.85017164456747
407.08211114710605
375.36347336475495
368.70335692016545
365.94026852762033
0
363.6428853371402
364.9248890889532
376.0202665879259
0
395.17330902978307
0
385.9695482930786
394.79344198878164
0
0
0
0
0
0
0
0
384.8456919186211
355.08749959907504
349.08544577296755
347.98200476602926
344.03602752501183
340.4670243204333
0
0
0
0
298.84551464394036
298.20616570836074
307.1990041498409
318.8028294087319
313.1961211504457
307.4284928445145
309.7552271816433
312.5423581403593
313.5270214158458
327.69987338068563
0
0
347.8885470185173
346.1656399520112
0
344.1542315188
320.94673610171463
314.2196865818439
313.8714931175492
310.94669405292893
310.14794609388355
311.14553678554483
311.7728853700005
309.07971887566066
283.21548277048186
0
353.935957186878
349.5200597852853
344.6578375668313
347.9102281883281
349.2963897850948
348.46313862726225
346.29277182707244
344.2474335800616
347.5026670894005
347.69717677304703
348.5331372255281
0
0
413.0634046514419
409.80615806882224
405.7017774042831
410.1248546998152
444.26407244461825
470.995320601305
474.01600425625384
461.607632705721
462.36020976316973
465.7510963140785
456.91091407438415
435.60711142555454
0
0
412.16519930213514
421.70781796420755
429.88248926817687
426.9197609899537
424.16640913757936
438.9850619329715
462.7246998294987
468.0572010881922
459.0172336048922
459.52943806080975
466.6405156759971
469.8730814219536
466.3081768152426
461.8123583079548
460.60906897709174
465.0322790576397
470.3835082606168
469.69293105682436
464.17313811409855
463.84346299145955
465.40888047328997
466.6247087712569
468.9598835632475
462.9618880513041
458.1091182416313
456.70052685936196
465.9901393978679
459.91945919044014
0
467.85062140684397
463.35371568054194
466.0351697010276
465.8019699454405
0
0
0
0
0
0
0
0
0
0
0
0
0
0
0
0
0
0
0
0
0
0
0
0
0
0
0
0
0
0
0
0
0
0
0
0
234.5067962178591
234.2326924560196
231.63852181535202
230.30172888182517
230.7696335700074
231.69790720229872
231.42173474174803
230.7336572779701
231.58704667699837
232.52754525470078
233.23203796226295
234.07019343769036
233.8689294169561
229.56720180420092
226.17569917166975
0
0
232.6343095956072
0
371.7533598371592
410.4616246143697
419.1512397024503
414.9804765654292
426.97826053926906
455.96240945142205
469.37931197912485
463.45564919814194
465.0581303515784
472.2163091834094
463.0624282047115
0
0
426.4010327439174
452.10507746215507
472.69027603527866
462.9459041783962
454.2917247263741
459.2586046056525
465.35420990706604
466.6312949164935
468.88463600068076
470.97885483197757
458.41799424359385
464.40895107395187
464.09039504991154
0
389.4570742657594
386.9323088160652
385.6378000217666
384.8935786748658
389.04172809191294
402.118987185176
413.77052964254887
417.5341905531433
416.00656838682715
416.70570174861035
417.7907603569172
413.169795551523
400.35964312140635
390.3500365201943
393.1871960417717
389.93983443018016
375.806892962479
400.142363209188
407.57264678577474
410.7080514972504
0
354.0923146788256
347.19380391933817
0
353.06035764842596
364.00416131988294
382.1864667803092
393.8061617277534
393.9141788399115
0
391.5607014569073
389.01976444647653
372.36655929496607
0
0
0
0
0
0
0
0
0
352.10197059744104
349.2065978931406
348.91788846053294
0
0
0
0
0
315.0802298857902
309.1325426586672
305.5252495542625
311.3447094926997
317.08809105054377
315.14201710262154
313.06033751560096
308.1822913059876
305.15547930923333
311.494493973101
331.5717150493241
349.37459730736975
352.4468061953254
349.7561762632827
349.02753808477075
349.2103893136292
343.49327428972146
318.3555281015181
309.8375660563345
313.1999296524844
308.96806018734765
309.6186494313066
312.56217581319976
0
0
331.5554437434744
305.8271923744899
307.33064390725923
310.5729924653421
308.8990988969417
308.0153046666785
317.8539787702866
342.05058517772966
350.83271228021425
348.1560677681805
346.64855294241863
347.63580049821724
351.680487854254
334.94999624989583
313.7195438043491
310.43180739284173
311.2302726749635
311.6244556994716
311.88968889021913
311.0438706622241
310.0052713489991
312.03424724899526
313.23420825493093
313.13906717306145
303.4245265180004
289.6019465377533
306.6958506753769
0
0
0
0
433.8106022088288
434.67640229214703
427.4745773484957
421.6870318190331
422.5715765633199
441.8573434643193
463.816672067934
470.6989225999044
464.9271719961601
465.21549070047104
463.1146171505785
466.89562803362253
466.1213971646162
463.14297661625886
460.7686258557735
463.71959311454447
464.4284142692844
468.11513699568167
465.6624094543414
464.08444940511754
464.2005544166183
464.5448070800587
468.00730064280316
469.610325740178
465.3867487310032
460.4771636795254
457.58061163363715
469.06355965636726
467.92163876233394
463.96182487346596
470.72907530500373
0
0
0
0
0
0
0
0
0
281.1349823444835
293.9833352963402
301.5600839699564
311.18648282724405
311.14540165901394
309.2936874557337
294.8211696215883
271.03923345521355
0
315.51984617163447
0
303.2981162576236
314.3849850722817
0
275.5900336609319
0
0
439.0081306620649
0
0
0
0
0
0
0
519.2472607303195
520.7163415277481
522.1484197191503
0
0
0
521.6950917503324
522.1545423408165
521.4092443513213
521.0039585799813
522.5412065401491
0
0
523.3917621805415
517.0246303794265
0
0
0
379.1154021218606
0
0
0
365.59040749262437
379.56506713918685
388.4407098561437
391.0786520367457
391.2120845059444
0
389.6825981826705
0
398.83786681724496
0
332.0442188416663
352.79420110907597
350.8836811371597
352.53345060231186
357.4265940211631
340.83465602766967
334.9315954916683
360.0736346203512
394.15957239354094
397.61178136748134
392.57031138887675
391.4625099844768
386.6522878532312
0
389.57658737264524
393.8468677864478
394.7275235124631
394.01161635391423
379.4093250215655
362.1949929596135
354.47250358375254
348.57037464074205
346.07379724086735
345.5255783402637
349.6237491865693
351.1546488604506
0
345.88740593402264
344.9237727273485
348.8286483433151
352.8004829409223
352.4880591357804
347.98223145235977
344.88280594899976
345.58057874561507
0
351.43086232565844
345.4127536177733
343.5858497087585
346.2505898447024
347.08013300478655
348.22434115511476
0
0
0
0
0
0
0
0
0
0
0
0
345.9421634579994
353.86671765172673
336.6950823557775
339.5384720239801
352.8705099559529
0
0
309.3316358405103
310.09279408395525
308.29339824750923
311.117634402035
312.31481646353194
306.2041595650693
289.2870628654527
0
419.6873937082538
430.04279467219294
0
0
0
0
463.1650016546347
466.39901217074555
466.62714056790384
465.1232698663995
465.14124795900034
464.2376496387161
464.38444676002996
464.2823089605258
463.7216069942935
464.2163800047997
466.4810526114518
463.82059996367263
461.09601542456227
463.78897631141314
465.7595917228931
468.7147370116785
469.73199517341413
462.1373786124405
452.85524044922875
428.45312599266236
428.61941336932216
413.84043701632487
407.3246516761475
420.57304074835054
424.53157853289184
418.78596957804035
0
415.08393617496205
413.14790513442887
406.7312447094287
420.2834583230316
0
394.75092373995676
388.8375140395857
389.95693874364946
394.4707264830566
407.7816531438862
438.80875012781615
0
0
0
0
0
303.7380455819439
305.7671650407666
303.7094225516757
312.43412967096606
338.26785695389333
350.3560665042146
348.26479737341674
348.044122343893
0
322.7049039326806
314.730877809795
312.3519824903697
305.90875280673055
305.213663398206
308.6780972092155
313.59599445107574
314.0096741244655
311.7403913011115
305.6085875634044
304.44914381836827
314.0265845117053
318.445131742608
314.6248291847953
306.02116649470946
304.43823599564035
310.2536310051061
311.3378137030901
308.0068105704067
309.53784744182445
309.9510196596277
0
0
0
0
0
0
0
0
0
0
0
0
0
0
238.74934350368295
249.57997210160306
259.4613417362899
259.8875684119528
253.68567534982137
245.4793022288628
0
312.26551726376965
310.70722498713656
299.8834500171359
293.29184171297777
308.6124172564294
312.2480914854814
303.76640746587327
306.917165918682
0
0
0
0
0
0
0
415.8435489316835
416.7685935694695
0
0
420.8778105493755
393.52560964981024
398.2945303450185
0
0
392.0861676492293
389.79244666463984
0
0
394.6150846268018
391.58408400889664
378.55717298755314
0
0
0
427.3034452748972
424.09153434468516
419.18910408254885
412.0664041832103
406.89935070683185
0
0
408.1967964983139
0
0
0
0
0
384.4153964937153
385.6239833668499
393.3328780728576
384.28102786441707
385.10977000691446
398.7046038161105
0
0
0
0
421.7234769264121
0
408.02691406715303
417.9454676407597
0
0
0
415.4126906467242
415.1785864512983
0
407.16096739030513
0
392.91322781446934
374.3755156629278
0
0
0
0
0
0
0
0
0
0
0
0
385.49739561542845
372.17344192862265
341.0081057736573
348.3858159823311
0
314.7327913864087
308.80695093405
311.25811757263034
311.6534863122901
312.53923629276545
310.58243406265484
308.03135714176625
307.6678400004277
313.2942048369139
315.39428658723364
308.3782279088067
0
306.60922013896845
317.93267128212665
0
0
0
0
0
312.47056353438603
0
305.01728687371605
308.07804784494243
315.9573314957816
314.55720085565866
317.3971880149065
315.00415861718676
0
0
0
0
0
0
0
0
0
0
0
0
0
0
376.62692813852846
414.354411837062
416.7748380235846
408.0034356216288
418.6413142494832
411.5575016316949
394.9410913000863
385.9734036109581
386.22173364954784
397.2378509545996
375.59217237930284
0
0
0
390.5349463006067
412.41300716332626
412.85079467886925
406.78415129722464
415.424056535354
0
0
0
0
0
0
0
0
371.06050739793966
389.5052810852962
394.07895556400535
385.5988634443233
389.7816127726023
396.72624136166985
0
0
423.1721050198914
422.2854779536447
417.1071960205905
408.4889610599486
414.49848594594687
420.9057771084123
411.4590308680039
0
0
0
0
0
0
385.09613951262276
371.734148049087
345.1977085725281
342.4968177866323
364.4886898754265
390.1056593391806
0
389.5097637769768
391.65968297593747
0
0
0
0
0
0
395.20917897762496
0
350.4742349373329
348.2199555297078
319.5354581137933
0
0
0
313.77275176150044
312.4358935962818
0
0
0
0
0
0
0
0
0
0
0
0
0
0
0
0
0
0
0
0
0
0
0
0
0
0
0
0
0
0
0
0
217.80449677507843
234.587520945494
234.52031630926922
232.68187439123614
231.99095695684713
232.56102378216966
233.00455098463203
232.85754167419728
231.97549223524226
231.65932131780824
231.66656511381748
231.98591947503414
230.6091865225575
225.81135630666063
224.95533792223063
0
0
0
397.34068341707075
416.15239170425207
412.9068284384902
421.7863017663752
446.01650493456106
0
466.0835441774923
467.55275046832014
0
452.7748098542048
412.9243125279996
0
406.84704754545584
406.2014986919287
0
463.4044280731965
459.9262503049589
462.3594065751683
464.76748705401036
465.12044191508346
460.22715734264443
464.46038408568074
470.9141223256441
452.546083571518
0
0
0
410.9131335923201
415.1433379694215
0
0
0
0
0
0
0
0
0
0
827.8156077403353
0
0
0
0
0
0
0
0
418.0621938488972
380.886248381288
0
0
384.52568062605445
0
0
0
0
0
0
0
0
0
0
386.7241635159183
392.24268440838284
393.1101071700293
0
344.2861568519976
350.8849002139354
351.9346466293466
346.4738141724058
0
0
0
341.47759519513073
298.4776714756198
0
310.66553249671813
308.4599328301167
315.4224355355318
312.2270055599976
309.85869246499556
311.3693192418884
312.83051670948254
310.77712980494925
313.42920513662995
330.47454624333545
347.5205510956653
0
0
0
344.05791685711677
0
0
0
0
0
308.0936352855342
0
311.69504065932693
311.60544177549116
312.4187975088696
314.5520780897751
337.50612975178825
0
0
0
0
0
0
0
0
0
0
0
0
0
399.81570942852414
411.5018296932341
405.805391021217
418.4992533642877
440.0694569914787
464.8937567653564
470.84397992356145
462.38269959368614
465.001683484655
0
0
416.7473269276785
418.650223064305
0
0
0
0
0
0
0
0
0
0
0
0
0
0
0
0
0
0
0
0
0
0
0
0
0
0
0
0
0
0
0
0
0
0
0
0
0
0
0
0
0
0
0
0
0
0
0
0
0
0
0
0
0
0
0
0
0
0
0
0
0
319.8716668969306
0
0
0
0
0
0
0
0
0
239.56482217634456
237.78357650161766
236.70030869825396
236.28578766590437
235.06089190159815
235.98162478291158
237.66193400087576
233.45376518877725
233.13502259735583
234.97760614524134
234.40444055738277
230.67644748748256
225.4181561369706
0
0
356.9198308009649
415.3584814410274
432.28800670428603
420.38221528642543
0
0
466.6977695242314
0
0
468.53767599046705
467.3239665986981
0
0
378.58257403813303
385.4213122664089
445.80319616756196
0
0
462.2839131325419
0
465.1795294711618
0
0
456.6729585362424
0
0
0
0
411.50719102891844
420.5738626720713
404.15293800506566
0
0
0
0
0
0
0
0
0
408.9748866625015
0
0
0
397.1614340011432
408.7951821980712
407.5322034628134
410.53810453962546
0
0
365.7076788853674
0
354.0395728213763
0
0
0
0
0
0
0
0
0
0
0
0
0
0
0
0
361.255422230557
0
347.27659303247805
347.7492003278527
348.41305096421587
0
0
0
309.8907885236339
304.78840679796355
306.08323760779376
314.85432733064476
311.2860325552823
304.046408740735
0
315.5883667443985
0
0
0
338.73430922474876
0
0
0
0
0
0
322.5592543720373
0
0
0
308.7994408126217
0
0
0
0
0
0
0
0
0
0
0
0
0
0
0
0
0
0
0
0
0
309.7453399161189
0
0
0
0
310.6352448596869
0
0
249.77913578561117
0
0
419.4751998789667
436.6582244303013
0
0
0
0
0
0
0
0
0
0
0
0
0
0
0
0
0
0
0
0
0
0
0
0
0
470.0823914753482
0
0
456.05043725584943
0
0
0
0
0
0
0
0
297.16190434256924
304.8493673164121
311.34984763131433
311.66323145989537
309.42494821266143
308.9657791203032
310.4737381859626
309.79800837538744
309.6303479726638
311.55706638185455
307.7704075577951
293.2706985692517
0
0
319.7358356937382
305.14633521060034
310.4780529297538
325.41693245264867
300.0211406243057
0
0
0
436.1552227345542
0
0
0
469.99287986400066
488.6459299188687
0
0
0
0
0
0
0
0
0
0
0
0
0
0
0
0
0
0
0
0
0
0
0
351.7049255633302
0
378.90084808511585
387.077522440228
0
0
391.45052466015056
0
0
0
354.30543793448226
353.63942137737513
352.74027388659886
333.76981728825143
0
0
0
383.60164243984343
376.4929110460536
420.9247881179342
429.7081538211282
413.90190775447945
399.6981758859951
0
388.563201643635
389.8338382905155
392.43292186042964
391.085445715685
388.52928476190124
375.37260234911224
353.1900983522086
349.98196459317256
347.05639344801534
344.8719471984001
346.86465244741964
355.43564501599434
361.45480425830715
359.59575600272325
348.12439285851275
341.7295004252154
343.30305455707287
354.7610329931953
0
350.0609337233317
344.8966607133957
343.85469100524494
349.60507371471806
342.31554924521566
319.23335952230934
281.4279758314057
0
0
0
0
0
0
0
0
0
293.21956648376
292.98923248461557
295.3546701689361
296.4109881700018
291.55980057742994
0
0
0
336.4254831267492
337.2584362722708
358.5993823829552
0
0
0
311.09128820133617
302.7868869877078
0
0
0
0
0
557.1484913975617
566.1612486630427
551.819150137704
547.5791344243298
565.4410426748323
586.9401304613609
590.351271426242
588.5149764965932
0
587.7977323893272
588.5740194983936
589.455767784902
590.4184473500978
586.9076315277271
585.9809591864969
584.9070037046771
547.6966235231741
0
0
0
509.2969103237345
533.0473583416086
531.255705646667
529.8279858494636
559.4771523947929
588.4298729820767
593.0885797810422
585.6887570778896
584.5502177078334
581.6725549088794
583.7519840909858
0
0
586.6249030319789
587.6914207584205
588.1816608244218
589.4114826312439
585.754766490392
581.1853422607451
627.57829064447
630.9344104428558
620.648161624854
629.6198640567023
0
0
0
0
0
386.6141723041656
0
361.11966062218534
0
367.16283653394976
0
0
0
0
0
0
0
0
0
0
0
0
0
0
0
0
0
0
0
0
0
0
0
0
462.94992522654616
0
0
0
0
0
0
0
0
0
0
0
0
0
0
0
0
390.81642134347817
392.3840118887516
387.09021441411653
371.8973183894344
0
405.6487473384318
419.9866882294487
423.2560081204432
406.7193218042854
411.28832661899037
419.4498786297655
0
0
420.5566026112535
418.99226484734356
408.98723092491053
410.765756724457
430.5019141353757
456.9476252128279
0
0
461.08900679253827
453.7440734106824
0
0
0
392.7451860860804
0
0
401.2256741755741
0
0
423.31281067887755
0
405.18648156919005
405.61325101824286
419.8842859837531
0
399.7992144541035
377.9578251368837
365.11376955493654
354.4367906272497
348.3029893309176
353.44772732864453
372.195181826164
0
393.00691882307746
388.3137033842862
388.0186959984317
382.63578616332575
0
0
0
398.54836443861865
434.7975179710432
409.163910144064
390.2587584823286
0
0
0
0
416.5844694864679
0
417.8186125137796
413.2123236933211
0
435.1415080262217
454.7837441107217
0
0
0
0
432.16524401116976
414.42684758616804
415.9662817357722
0
0
0
0
0
419.1140157977238
0
0
0
0
0
0
401.48930967406216
411.87138916229196
419.92531683282164
409.047359026219
401.1933526179573
0
0
364.8552427866239
361.72199633123057
354.03465269889307
359.24408185414177
377.6605163039145
394.46849941211167
397.07580583413943
392.96672622827214
389.4623175253505
388.436829893432
0
0
0
288.3312537289761
297.68225200362383
0
0
0
0
0
0
0
0
0
0
0
0
0
0
403.8721182610098
411.6267669633675
0
0
470.25942356312186
0
0
0
216.57131130729013
0
0
0
0
0
0
0
0
0
0
0
0
0
0
0
403.03082922751577
379.52484823831105
369.4310333403189
0
0
0
0
0
0
0
0
0
0
0
0
0
0
0
0
356.032674702421
0
0
0
345.7963128289831
345.2523569103388
345.8471507871337
350.371510596985
358.2753661126779
388.0161683326919
0
0
0
0
0
0
0
0
0
0
0
0
0
0
0
0
0
0
0
0
0
0
0
0
0
0
0
0
0
336.6464669166612
358.6108291001567
377.5625311470385
379.4915554874292
373.2192011628789
381.1354434481484
403.45935817698796
415.49830328299953
416.26482076537314
408.39849627560204
396.65431548204884
0
336.06348293725233
344.6503536217187
356.3992364892749
357.5684985973993
356.75594984931115
366.5967327608223
383.9390589411186
393.7151014336067
389.9996181238438
374.68886969466956
351.1171353698756
0
370.47817715911657
377.53252571621823
368.7915152748576
351.4228497637825
349.414200809424
352.1501416195457
346.67851270589597
315.55848994528566
307.74481258192117
312.3876606104807
314.3948839004494
312.9969874357731
313.12390439592536
317.6689210875153
352.6633805740283
351.2793413871747
333.1862439754664
0
0
0
282.68580060363894
286.71814643397914
292.1135316767026
294.1244480760506
290.3971509356157
289.6773557400004
298.57847198227995
311.9314101991748
313.4766459640417
310.5301042510764
310.04465352231335
309.8645462152387
311.3084745017786
311.03684645632893
310.39850947944177
310.88647195382805
311.6519298238804
312.5446656129708
310.53860050229974
308.8548993178973
308.5350936783015
308.54105641898263
311.4789373791727
311.64042558539666
311.4748792650539
311.4210466209803
309.66356348175265
308.286034500262
309.0871015809224
310.78084140766936
311.1458746021287
314.62243803635874
313.2541378177167
307.6900879088332
303.63741524528723
308.5772373163773
313.68119334471936
314.6795572920236
307.6164020481565
303.88634814383244
308.9215029198045
314.4934112939095
313.44166021113995
308.19661248237503
304.01399378978516
306.1138125903815
314.4759977623213
317.4490896102226
310.8938303067214
304.3601738365624
303.45028931592066
310.61831475023104
315.09541897545955
310.1204698739091
306.3875281810675
308.02232752159273
315.59384903301117
318.5805529802717
313.1307717511077
304.8414900814755
302.1316923286157
308.2133436714741
315.81603035183065
315.6508019389239
310.5408257493673
306.2235753456782
308.4717885388741
314.30136947915975
314.6368535209632
310.4092264342342
305.1443473993295
302.4688326095356
307.13283861131146
315.6882964043353
316.59005088541215
309.70431449915134
301.5211902536111
302.3193837091059
312.3692784085079
314.9131982159374
311.27900288072124
306.8551922184515
307.42822582004004
0
317.1346395464745
317.6587812199813
312.59794582110527
312.2162936417155
310.2068800195954
309.9938278948393
312.51304114813064
308.2841601199557
305.3177332186058
302.5471980317122
307.59896853800444
306.48208205259556
301.1690181640522
307.2569774075991
309.8348748975203
306.35300100025694
303.9695691355855
309.11260682868146
0
0
0
307.59088667117857
305.640973431015
321.14032789434197
311.23398968955667
310.9129358342333
312.66107935079043
0
0
304.9809273603556
310.30153449447494
0
0
0
0
0
0
0
0
0
0
0
0
0
0
0
0
0
0
0
0
0
0
0
0
0
0
0
0
0
0
0
0
0
0
0
0
0
0
0
0
0
0
0
0
0
0
0
0
0
0
0
0
0
0
0
0
0
0
0
0
0
0
0
0
0
0
0
0
0
0
0
0
0
0
0
0
0
0
0
0
0
0
0
0
0
0
0
0
0
0
0
0
0
0
0
0
0
0
0
0
0
0
0
0
0
0
0
0
0
0
0
0
0
0
0
0
0
0
0
0
0
0
0
0
0
0
0
0
0
0
0
0
0
0
0
0
0
0
0
0
0
0
0
0
0
0
0
0
0
0
0
0
0
0
0
0
0
0
0
0
0
0
0
0
0
0
0
0
0
0
0
0
0
0
0
0
0
0
0
0
0
0
0
0
0
0
0
0
0
0
0
0
0
0
0
0
0
0
0
0
0
0
0
0
0
0
0
0
0
0
0
0
0
0
0
0
0
0
0
132.44906683621747
0
0
0
0
0
0
0
0
0
0
0
0
0
0
0
0
0
0
0
0
0
0
0
0
0
0
0
0
131.62888033283264
131.52489586777992
131.05517115594083
130.55905442018496
0
0
0
0
0
0
0
0
0
0
0
0
0
0
0
0
0
0
0
0
0
0
0
0
0
0
0
0
0
0
0
0
0
0
0
0
0
0
0
0
0
0
0
0
0
0
0
0
0
0
0
0
0
0
0
0
0
0
0
0
0
0
0
0
0
0
0
0
0
0
0
0
0
0
0
0
0
0
0
0
0
0
0
0
0
0
0
0
0
0
0
0
0
0
0
0
0
0
0
0
0
0
0
0
0
0
0
0
0
0
0
0
0
0
0
0
0
0
0
0
0
0
0
0
0
0
0
0
0
0
0
0
0
0
0
0
0
0
0
0
0
0
0
0
0
0
0
0
0
0
0
0
0
0
0
0
0
0
0
0
