0
0
0
0
0
0
0
0
0
0
0
0
0
0
0
0
0
0
0
0
0
0
0
0
0
0
0
0
0
0
0
418.9543272739918
419.59845785574936
411.71142055540383
418.47917059076457
443.4199987005933
455.7190104586173
462.82147000481615
463.8157656351797
462.83342951023656
466.97511940469826
470.15640197324893
470.0847392156438
459.45350878414393
457.6370520076383
0
467.28794385247886
483.684502518488
478.94314763484556
465.2609512885914
459.81341097195786
464.2413794853758
465.41848132806786
466.3012914673682
464.82208869108325
460.5321612963245
460.37708487099394
0
0
0
390.93838894434555
383.07706587123994
366.94938947664605
366.52589190780543
384.47775615514195
395.9248548318297
396.07542142654984
393.44520791778723
394.94941000616785
397.1455659581971
397.616702713912
397.2690774620853
397.2914205857089
395.44103913227684
392.824335873862
392.7364021252874
391.31344205706256
387.31184466981944
372.5327575843322
0
0
0
356.6796527264134
364.9185498539838
361.7085652765723
363.33829573316973
401.7508502156518
396.00868696284226
391.0835774422119
395.5392837701901
397.58095958315516
393.35730601702414
0
0
0
0
0
0
0
0
0
358.1785216604905
357.1881690808936
354.998300321117
349.2607432810635
343.1074268534926
0
0
303.01209271339906
305.9678777893648
309.1963190991692
307.7482206673463
304.4565481388966
307.39371485891746
312.7824265589554
315.1405116222276
309.5355621681221
306.4048264976319
344.8211777150011
354.105693600267
352.398288507786
348.9325872396316
349.0860521870198
348.0921161421089
339.9469529397388
297.4172175436711
288.54495582705556
294.9330312397023
0
0
0
0
309.5449050112378
308.42309596483483
299.8327275493167
341.6349029187274
343.0461903580746
341.99985971856154
344.85150371990443
345.9601173999845
346.38941124294837
344.33527738377006
342.10971248337194
343.6608384165801
346.86661075889555
348.7083088247233
345.50547123692553
0
0
422.22862988007245
425.446755656278
429.7513577823215
427.71905122460055
448.2477694412497
456.80109592861237
463.80730568156036
467.88496035582614
473.2234922396338
474.13510872881636
473.43840691786136
460.81815474513337
435.4676145167425
0
427.3256217600929
430.27023769132086
428.1724356931891
430.5472546916861
438.89117899357086
457.5712718205324
469.01956071550336
472.7849211527066
470.0356432621416
469.37105630971666
469.74760132919573
468.4748048983391
468.82497601598743
469.805848489008
464.60876493834826
466.4475257001903
0
0
471.06630386063057
469.385529307495
470.67459741841606
468.56423087902806
469.41682104640324
466.9022180027326
0
465.1900347113947
469.2686369326244
470.2884247911826
468.8666150344474
466.3173911898465
0
0
0
468.60269235142096
465.18134766884026
0
0
0
0
0
0
0
0
0
0
0
0
0
0
0
63.33890236848406
63.0607081663012
62.522247083641595
0
0
0
0
0
0
0
0
0
0
0
0
0
0
0
0
0
0
229.77030189845024
231.74278961304276
235.7044664358637
235.32372629706686
232.77806935647803
232.77127098088914
232.73020694913504
231.5304045576554
232.06610398210307
233.62212664404217
233.52543074845156
233.31944203793935
234.1925656621208
0
0
390.03374805249854
398.35438393670705
405.6618720746405
421.073981225834
446.49461721063176
461.0817980250255
457.4200728658145
458.88149948564177
460.10934857686516
461.1696124930146
465.3008592437201
461.8577872123206
452.9279155817091
0
455.6595414868354
464.52513726953464
461.0676811817791
453.6218170728065
447.1268131948897
448.90301478872544
0
458.74301632746784
459.55308745440436
457.6441075438619
0
0
0
0
383.8362775750925
376.1314909013117
363.261064164589
366.07021132308324
388.69602907265283
395.65439157100866
395.69494498257677
394.8324496516971
397.59071523963394
402.7476408045302
402.54899410354324
401.74343508389325
397.2136132859505
386.9143289758589
384.956517451624
384.34336572863623
388.16406447571126
388.10481498055145
376.1811523167528
354.2595875348409
0
312.6977433804097
343.77324019437594
347.27636680582214
346.67286682383497
361.1565174796644
383.0076977345914
382.6756699703071
380.0414245759021
380.02912876062067
379.4781238430414
377.12612978947175
0
0
0
0
0
0
0
0
0
362.1382133049912
354.842929702005
352.44428066194297
346.877607636387
341.9831509290942
0
0
0
313.19306078058156
315.39469750271644
318.01083084345817
320.9124496914422
321.17052395644623
318.94671352253374
314.5640996455406
313.9922191960262
334.2456712076594
352.52847486122516
352.5917868355975
347.87155053058007
345.9670287892035
346.5980487509111
346.40588399641933
318.2434207953559
300.0195770838676
291.92621776367963
0
0
303.46854203358913
304.81891862800205
305.78582271759876
293.10065360528154
0
333.04808550311
329.9498202764843
318.11297816315755
316.36471455028163
333.9947135717946
351.4837498160793
353.56663142097693
350.996616098002
349.1220599096022
348.6817321885029
346.82473543086076
342.9378240844719
323.79554209102247
295.67705718091764
294.53367455534357
305.41673189478615
311.15918486744323
308.0059411092011
307.308555449071
306.9106347667895
305.8584059318555
307.2831990557306
309.09179975790414
0
282.6443084511012
0
0
372.6094521611718
418.023523547432
434.2626170013391
427.32831270897907
425.83725320550775
444.23609727893984
469.35790869154016
471.5704493539684
471.31278266810165
467.20596440466727
469.32142343229464
470.0667741970251
467.9175745313287
468.25746615531966
470.5357226689696
467.34882898677284
464.4521140799032
468.06705985034904
469.4537214773191
471.7289889263527
471.3181045124
471.0844093722694
472.0938937538517
472.31650019572885
471.1710595045972
471.84598187000773
468.1589494343817
463.24959155951086
473.30303321335066
0
0
0
0
0
0
0
0
0
0
0
0
0
0
63.0309341275881
63.10956742283713
0
0
0
0
0
305.7607911487271
300.25915434191097
295.41329482204
287.28102175432684
290.9045160951696
0
310.353017092682
0
311.1314839406436
310.12787743864044
312.8274599120918
346.2091647709565
440.6672931455204
469.0276065097445
472.7315397979287
473.9823474820537
475.34514101904966
482.53716304936074
509.1077249634957
524.1343171249755
527.0682748190294
520.3087697908774
0
0
519.1754431512966
521.4957521498471
519.2963098404305
520.2654995800881
521.1131430798453
516.8358290418203
515.8145579779655
514.5051940739573
513.2888692945982
0
0
0
0
0
354.40869998948074
354.96199484618
354.8949435407883
353.92611989018053
366.45848641590453
390.7713615250652
393.18890360760173
391.5717548529234
388.49056239001703
386.3416800793606
379.79385197059975
354.66198096030274
0
332.2088669091167
339.7180486990089
349.78131573479595
353.2577480473342
352.6146799368295
350.76362282760545
349.5290156356208
351.16273156000574
353.59588381143163
367.54005954904903
393.94257780421157
403.18821297707865
403.1042614952413
399.5661004037294
394.29825137121776
391.93481968138894
391.7512886775294
391.19101766584805
390.2557077745322
391.1499915520161
391.24343202514876
386.2299525658086
364.5976907737322
342.59239787118236
344.3340810622999
352.85250387092225
354.386536893235
349.9207928666624
0
349.3056433021605
351.0781011958533
352.28314313810597
352.90062431308206
352.4791805441919
350.2699572468817
348.26993980884674
349.71691369469687
350.86013854766003
0
61.94739029755199
0
61.66608952470652
62.038877428552595
61.31076348509136
62.24600594981122
0
0
0
0
0
62.13016070593068
0
0
0
366.607718298894
355.9017352441814
352.9111994298181
352.61981003293
352.28727394904706
349.9662336993498
0
290.05627098229576
294.48603110006945
301.4290177773585
303.20263535928393
300.9270159651978
297.01843133457174
286.37219512159663
0
399.5713929967099
414.0949168885279
422.41240513826256
419.0332085286238
418.24615368759146
452.86064888691953
466.1868880675366
463.2757461426641
463.14599368289237
469.4309896533451
471.5556018005054
465.3622938745207
461.5883879542537
461.6646700410038
461.53827517915124
463.58115984962535
460.33370081875967
460.1432192548819
458.9051155334847
459.1693593194111
461.6439192634185
463.39013949623967
462.1557430640938
451.6543993897139
419.2023028073863
433.0179813555403
0
408.7925191883054
409.9247056407421
407.4104552381925
407.0525881879113
408.1323622340652
409.63462741081185
409.0612154991339
408.4796475834529
407.5484865062632
414.39823170273417
392.5737211698255
400.10891258247943
0
385.6701245542441
386.12278491874355
385.5418472932007
385.1972507962939
387.5557340249195
384.76480775590693
362.37939160611757
0
0
256.8458278994415
277.3489520883594
0
297.95463944175674
295.9954254541157
314.82937377307707
337.9228052758707
342.8208567348896
341.43184789842826
342.7587038216151
346.6998173289431
346.73309430648794
339.9685082819861
304.06661206727506
294.81060675051475
302.78655824662474
0
0
0
0
312.1701959092008
314.8173420794486
319.1762453644858
319.6439254280505
315.5175852463252
0
0
0
0
0
0
0
0
0
60.10926023499699
0
0
0
0
0
0
0
0
0
0
0
390.99475982994386
0
250.41169911938167
252.83294457145962
251.4847503158478
250.59509260812106
0
0
310.39871168271117
0
307.80943898160035
305.5950502260381
306.6100190789816
305.9742559983342
310.34385202624503
354.34560037401644
372.27811220257456
373.81817781462314
368.42572782280183
399.24381822948
418.57023233509375
417.34673762803186
413.79164437819134
410.6505327168733
411.3789848907924
413.1588501979982
401.7440457366315
396.616075175206
400.18259454987356
397.87986757766896
391.7342757853713
386.5707721686237
385.1651331695248
385.8247503296868
387.2872034766343
390.15623387227885
393.39224232153975
390.47533491323645
384.45763633713995
0
0
412.2992011721064
417.2978034304759
407.6205290803855
407.5007896467222
412.3161223409652
415.00624893401823
417.95227426176774
416.5597749999698
413.28105985932734
0
0
0
0
0
393.2473922140604
386.80319178195407
385.0683782800616
393.2419272166861
392.87014427583233
384.784943649108
383.65553916734393
0
0
409.86631756651275
415.77691450236335
407.9425751499199
404.36396631088456
408.2990968120623
416.2005589580678
416.37058964169256
410.5592326250446
405.42269858106147
395.94239362484217
381.63482001378316
0
0
364.8217317267721
357.61780576642866
353.63412286859165
350.6873127011934
384.0631334433703
392.7816032423515
386.00340935753076
383.547919853828
386.16210981061954
399.96202359020566
402.39937435029265
399.56341075219535
0
360.054088224343
381.74861691113415
355.032605083671
346.62649879127906
345.9203795912901
344.344922877471
327.2411548098471
296.42778758905064
298.07623359262317
310.0128781140141
313.28889855357204
308.99355561204965
303.04209770123924
304.14142888288444
304.67664442715744
306.0480801531367
309.0231463608785
307.0324836283389
302.63419231235383
0
0
302.53412476930663
0
302.85185322958546
304.76669958976277
304.4080927725091
302.0194613452854
290.32949769100156
0
0
0
0
0
0
0
0
0
0
0
0
0
0
0
0
389.3293127762444
411.9418701770909
417.95771963838786
416.814478914337
415.5052504983377
407.55645127532296
398.92837942972665
395.04212826895105
387.1376238776098
389.2216232141957
388.6749289259592
388.25240768576526
383.3886287385948
358.2597292119721
347.29491788102234
382.91597475435117
409.98354715911944
409.8328549808662
402.67925750754057
407.75810026892725
408.3830660481386
409.5721895775983
405.70345122352944
394.3797694318794
0
0
61.80558422002654
0
401.16573760866487
399.14066657408875
399.81275764626497
398.59302274137383
395.26462075587665
390.7300400442751
388.64859754960383
383.3033065645342
0
412.4295747768736
413.9317477199685
412.07213078981306
405.7404532020465
416.58365535918244
417.91633655534224
419.3074523180269
414.32778026083565
410.72615597396805
0
0
61.90138482162999
62.26592713199017
0
380.30683053371627
366.921024232144
363.35794151934385
386.14081182405727
394.56830166313387
391.00443878144466
386.6201328580263
385.5755871101901
384.1260198341326
376.32273966969467
0
0
0
406.8393616677633
382.46034678992567
348.0251533917724
346.7565858607056
346.3782042009245
331.340607818094
298.12827732796046
292.2431491429064
306.68626084881697
309.11401639058215
307.4732894829646
298.8405179702749
0
317.8701988784234
312.8098669255648
307.791727191285
302.01401812065035
304.67439504302223
306.3701643147475
303.9210592845867
304.0806099303979
306.04648520369994
307.58293859603606
0
311.38899491857444
312.56760553190225
308.05376512043813
304.70059478207725
301.918875907853
302.538132091208
308.4123136420998
314.13052156368855
319.6815471308883
312.10160423830786
0
0
0
0
