0
0
0
0
0
0
0
0
0
0
0
0
0
0
0
0
0
0
0
0
0
0
0
0
0
0
0
0
169.90402478841634
0
0
237.37514766256083
250.78697938818098
253.23230807889695
258.7396972155059
273.7403693022559
281.0576468416081
279.1614048369871
278.01148970475896
278.49945289453467
278.10247981840774
276.75409042641337
275.3479569268542
274.7240380898686
275.70423705146504
276.1321419325692
275.9380585795819
273.294509322809
259.574159707295
0
0
245.35223108846094
243.3646079708997
246.88358021906578
248.68047441241674
241.86616743519141
0
268.12919567436626
260.66799206442136
0
0
242.8492542982969
243.6384201432368
251.05581323669898
250.1879631564239
243.20702213633152
246.54580546429372
252.57890777434395
249.45348661725714
239.4120102177008
231.44387170164126
232.51865885331088
233.7700501317147
234.78272469316482
232.39481474827858
226.35055853987114
237.77064273787087
239.18031326542217
0
232.87475919553654
235.30425836251194
233.00885163846996
231.2637217937373
231.65036749410677
232.95712256805905
233.30533258592243
231.1195924243815
224.08134875623506
0
166.77774735864386
173.13312941103462
178.3935038344971
183.554568062427
185.14683475550675
185.91788990468547
187.67951144351923
184.9127775623632
180.33983036981022
176.95873310057098
0
0
0
0
0
0
0
0
0
0
0
213.1460292250678
211.02809880978026
212.5315107746962
222.42942744966783
230.46456428375438
231.574525388539
229.87609975577902
230.04757569543204
231.70910183291204
231.93207562865308
231.64043317900592
232.21279011866397
232.51504884975404
233.34862623321476
232.0884033730381
230.32330858638713
231.39135954519725
232.68556277418742
230.96597349731323
230.48112941610017
235.31639369694776
233.06494449231081
228.81429761372002
231.9677098907062
236.07341689759693
234.33606713666728
231.2544066442679
232.44932124436477
234.92171611393584
233.1015120558902
231.18589784281593
231.2507911617269
231.84818674624168
232.3215287111688
232.98737445890336
232.13633541714825
231.2361038451558
230.86373458056116
228.58404637795886
228.18544837174656
231.88854126508002
238.6792880965125
0
249.08396081934507
251.33022896109088
248.60151284624118
246.30330029897746
248.52079551014927
247.11557576433205
244.2279067320395
245.06220455985212
244.76893321371992
243.43664647661953
246.13467203817953
247.0425826880646
242.12530708168617
243.64775797310205
251.11600520739555
248.19363410108195
242.68855040872313
246.86867731024012
245.2840996748526
240.9347951971013
245.16420984634252
250.0059533598025
0
240.22234508664965
243.79186515069833
243.54868412449673
243.63164845650294
243.47544934018632
244.56720575483564
247.24925109091612
246.33892268569664
248.2272929824006
0
0
286.6949870112579
282.5201752679631
278.5189868075275
288.30101502127917
0
314.0438367725741
313.60178261191373
310.7454817568455
312.66325191419594
311.4104975952254
309.3077244572667
308.97128054596334
309.73652908149097
309.31551560384275
311.3211157080336
314.2048126168296
313.5251832503162
306.8957735819566
293.98231391224454
0
274.42282838365463
274.28419939623177
274.28699868701483
276.81557484488576
279.1780753201018
280.2558225717653
275.1333942435458
272.0343423097695
276.91122438200955
281.7680154744743
278.34818706532724
275.0328643512301
277.01484692190246
279.36618733123674
278.35737433156885
267.1246760896704
263.9777389261024
0
0
254.51787551061042
251.03736052722297
247.33503351792962
246.46134035212157
244.9279299713481
243.697362927159
244.6839876475728
243.56259329039426
239.75339075565915
248.15830931208924
249.36374764154093
244.30616878316636
243.14972909994566
244.24158951091528
246.18764330124745
243.41949377602006
235.28831731634764
0
0
0
177.07754608664504
180.7201185390664
182.3876720086118
183.45216232362355
185.10506807124165
186.1443267140582
184.23118103449042
182.8775411355482
182.26329744381337
0
207.32915635294535
207.5509994963784
206.5367430974569
206.10170401278623
204.08532013085906
0
203.68094046616224
0
0
0
256.91873282696565
250.95345460511354
0
245.2397099094448
243.089176851295
243.35197832420673
245.34988692569513
247.48215451643665
245.35673300930773
243.92101478165227
245.9433542173102
247.4033048329669
240.80840321179488
242.2276415486641
246.12526561930002
238.34494880778647
233.84465632865817
0
0
283.8353264296135
277.6938315285985
274.9594762458194
0
0
275.86826270578047
277.5293230648867
278.6048192088232
283.24857086711427
291.0741718177352
285.3842463371252
275.1114095243527
274.9767317364298
278.61498293550744
277.26248309351683
275.70615281577255
276.24956924638803
277.82815088801357
294.42011038627277
0
290.2463556050885
276.32810187418744
274.8653961512222
276.0416166558081
275.600685854589
275.6797523612608
0
0
274.0344033360997
276.4160801205428
277.0591223444911
271.6555506718469
274.7011316851587
281.8783520721735
277.18561095839226
273.3766539961422
279.18565314151385
278.3743594840899
273.23095910718826
277.55445417910494
279.9849627815107
274.0474352043445
274.0514222467414
280.80369422781
280.5642875579097
278.2166973336732
278.60675512817744
0
0
0
0
0
0
0
0
0
0
0
248.4267528103021
0
249.30194563736168
0
272.9683112168212
276.7909313558012
275.8860544834765
275.97185451352055
278.4450917240729
277.5428224692629
275.38449107865523
275.9352424385771
276.31772156834325
276.55566650055505
277.0340360799975
272.39615343251603
264.1459725948723
273.528128424771
279.0704924505691
0
250.00443332261963
0
0
0
236.54721797250406
235.14239455224495
0
0
0
0
244.52079532464634
243.18067094361527
246.29444898848223
245.21572094519445
238.9311220546583
242.98821959386413
247.6312719091864
242.88609121490697
234.663407144152
231.94511990350864
233.31574360713876
232.6552742921834
232.2387092619274
230.63279824575847
229.94302207717607
240.7273150501029
243.19218273670856
239.18758448429105
237.325644325245
237.05475723698964
232.20941176641279
230.6975864054712
231.85178639616947
233.31179192394572
232.59321921956425
230.43571577041175
223.2813369142442
213.3392801666696
0
0
187.2958236142242
185.5638114527478
185.82851005867406
185.87340650557323
184.12575899712425
185.4189506367257
187.5506322838123
184.75540607696337
0
181.84860384732443
0
0
0
0
0
0
0
204.96871276837066
205.55203518760987
206.79756505919428
210.77509914351478
222.0462626875711
233.9232991031792
232.185764676814
230.37770441355096
232.10347242317357
232.67399256336267
230.35139273596133
231.56527314449048
234.4400219646136
232.87063799891877
230.14148221971
231.32356362708117
232.06784250167036
229.13526774502415
225.7021360821048
227.43423616659584
0
237.9546988238938
233.84798230372084
229.28234174930907
230.19566015523412
233.80017913247843
232.52850460243394
230.79649418018076
232.93167962118176
234.14781891872695
233.7291651710471
232.04249667955693
230.01778043862276
230.81418580446925
230.97475040344455
231.25239803587777
228.7712242760796
227.73403315955218
0
229.442488414367
228.86436130522569
226.26254695135077
226.25689690202324
236.46854029617634
247.89432757463572
244.80861292072996
241.96450430707586
244.41144173587008
246.1628667254866
247.1741253012682
249.42675651524763
248.0693863997244
244.49600068445102
245.46064644200075
247.59091964132728
243.69416144930713
242.41169993260183
248.0950821435129
250.0188740490046
241.30585449387797
243.81428536419185
248.58288967035696
244.42160531074336
241.72432706059683
247.52146784907015
249.32419584250727
245.17815803669293
244.01311338405233
0
246.1780744899136
247.01962423843415
247.08271145704305
247.25416364724714
245.73897798731497
245.2750453212329
246.29813922428497
0
0
0
290.42060942174305
288.2930645832985
280.0416920906547
287.1193126976083
300.1776010059157
313.1260801753268
0
310.74069096861786
0
0
311.2452761695376
309.92322439600565
0
0
310.59039220330635
310.01038738279345
309.8214194540647
0
308.22659541779154
0
283.12958247101403
277.5581306240148
274.10760405549075
274.6797183103017
276.5327875172033
275.5163772305399
0
277.7766953398096
280.24663350045904
282.2316828439112
282.54827380384666
278.4472079226182
0
276.2353529676342
277.6074961335266
276.9670903372428
0
271.0512400290768
0
0
248.6732116007983
0
0
244.7712452505776
247.04792029687434
247.54259160316568
245.73671016970218
241.64996172412276
237.08209200449502
249.36550744983296
251.06112852279043
245.38164157895898
244.31813174624193
244.99426008105846
246.84635143429483
246.4235331264432
0
0
0
174.76503522673536
177.03877223042855
180.41138924477653
183.31070137225822
0
185.7531689421992
0
185.08145537234918
179.40187858864311
0
211.50848463116716
0
208.28757155174017
206.74891645342922
0
210.98315082881038
210.1032611343091
207.32294365684854
204.76047827798902
0
0
243.14843554205578
240.73165369921495
243.91921394765032
244.65149984570684
245.58156111880348
246.2924167083164
244.5362202398149
244.48272835570418
246.82314324050952
246.64735712790934
241.5817305385843
246.34405786896332
252.09721729510926
247.0701839290007
241.4677925392984
246.77684057078102
251.046355031536
0
0
0
274.50543141228974
273.3497643296386
273.8462541701288
265.1213860992927
0
0
0
0
274.3120148943023
277.3617199902418
292.14911841129486
309.9400493183555
312.31481646353194
310.0319295038922
309.6226161285609
305.51675778486896
295.44241905167263
0
275.55664349738856
0
272.6223743157732
271.19612595775135
276.8912019770032
273.84060515054057
273.5423835718393
279.52783923763116
279.2265162992822
273.83228049196964
0
282.201532323026
277.0689288639499
273.1988039388909
277.75992759543055
278.9416900114252
274.04231759314524
275.3670904116465
280.97722096169554
0
0
384.0402833797228
407.92158172220263
0
0
414.48651535836905
417.4826054110176
402.7970553999812
0
0
317.85349563082366
315.66553872043744
313.01948476214875
0
0
312.1286459924884
313.33080703402055
311.9109552237644
0
379.2983668646954
379.66579792290815
369.8541932698895
364.4081277371518
366.96245734950776
368.8462144755095
372.18386722287954
373.34232454278686
373.50766066588284
362.6423061470016
362.5573497302976
363.26130080417505
367.76279410260685
365.01103435849916
371.4049574650307
374.3667360928223
364.4485648555888
0
0
0
0
243.92644384696953
244.43901439999865
245.7828710502398
245.69018450797256
245.57852152833613
246.1879105918199
248.71263312709328
256.4530443637907
0
281.3525147294174
275.96460361867355
274.95941654011926
277.49883129142694
277.4421351422486
0
0
0
0
317.80490935553894
329.01079856616457
319.33562215989366
311.06926719165176
311.12479554990324
309.52353115244733
309.553777612517
311.20939063643254
312.7947200889183
308.06373217797665
305.59909809250144
312.2609742628752
311.91088749428604
0
312.7833774224852
312.8665891745219
307.1750575159441
311.6071333587212
316.5592543896188
312.38298016858556
300.6752840225656
311.04853104020845
0
0
0
312.10011328241956
0
319.76430269060916
312.42687054468195
311.35444498510856
312.9481241917864
320.56721142876455
320.4884931614185
320.23673848762627
0
0
311.5563222036907
0
0
309.42770300119696
312.7281642087541
309.18081014355823
308.0157728520246
307.60371088929645
308.7652452476062
311.6911827749239
0
311.6247263686864
309.18208574258057
308.3286797311495
309.1540237797539
310.30463399043043
0
311.68861087851604
310.8806664038166
0
0
0
279.03037920115304
0
273.87497677741163
291.05034454178804
311.4300406238586
312.65035254025696
312.0597246420261
0
0
299.8715988136531
313.3824519781842
325.3750324520305
323.25980059809064
329.9571999496426
331.8699957316619
322.72053066213294
322.3926682077589
328.6705505930741
329.5254445523983
